0 7
0 13
0 33
0 35
0 43
0 45
0 47
0 50
0 74
0 80
0 81
0 91
0 95
0 100
0 105
0 113
0 116
0 120
0 122
0 125
0 170
0 171
0 179
0 201
0 218
0 219
0 236
0 247
0 291
0 295
1 0
1 3
1 5
1 11
1 35
1 43
1 53
1 64
1 70
1 71
1 74
1 80
1 88
1 89
1 111
1 123
1 135
1 136
1 153
1 158
1 166
1 168
1 184
1 207
1 239
1 246
1 251
1 270
1 273
1 285
1 292
1 294
2 8
2 11
2 15
2 26
2 33
2 42
2 43
2 55
2 63
2 77
2 116
2 130
2 136
2 141
2 145
2 147
2 161
2 171
2 188
2 190
2 198
2 202
2 213
2 216
2 225
2 236
2 255
2 257
2 268
2 273
2 274
2 276
2 285
2 288
3 10
3 12
3 14
3 29
3 33
3 56
3 68
3 72
3 74
3 84
3 90
3 102
3 108
3 135
3 142
3 148
3 160
3 181
3 182
3 190
3 196
3 197
3 207
3 215
3 221
3 228
3 238
3 242
3 251
3 254
3 267
3 282
3 291
4 10
4 16
4 65
4 70
4 72
4 74
4 90
4 97
4 103
4 106
4 113
4 124
4 140
4 143
4 149
4 173
4 182
4 187
4 193
4 200
4 220
4 271
4 280
4 281
4 289
5 2
5 3
5 5
5 12
5 19
5 51
5 57
5 64
5 76
5 80
5 103
5 114
5 133
5 141
5 155
5 159
5 175
5 181
5 182
5 184
5 198
5 215
5 219
5 220
5 224
5 236
5 251
5 255
5 263
5 298
6 2
6 7
6 27
6 36
6 42
6 51
6 52
6 65
6 115
6 121
6 122
6 130
6 149
6 152
6 157
6 169
6 201
6 218
6 277
7 8
7 9
7 13
7 38
7 56
7 74
7 77
7 81
7 84
7 86
7 99
7 120
7 122
7 124
7 128
7 168
7 175
7 180
7 184
7 188
7 203
7 207
7 213
7 223
7 232
7 240
7 243
7 269
7 277
8 7
8 10
8 12
8 14
8 19
8 40
8 47
8 54
8 61
8 63
8 70
8 73
8 80
8 110
8 149
8 154
8 175
8 177
8 185
8 200
8 201
8 207
8 217
8 218
8 227
8 238
8 261
8 266
9 5
9 22
9 23
9 34
9 40
9 46
9 51
9 55
9 69
9 94
9 98
9 103
9 106
9 110
9 112
9 113
9 116
9 122
9 125
9 137
9 147
9 195
9 200
9 211
9 225
9 232
9 241
9 248
9 254
9 259
9 277
9 285
9 291
10 21
10 45
10 82
10 96
10 106
10 111
10 139
10 142
10 149
10 152
10 163
10 168
10 171
10 184
10 191
10 193
10 197
10 222
10 223
10 224
10 252
10 258
10 259
10 265
10 294
11 2
11 12
11 37
11 43
11 54
11 106
11 111
11 124
11 130
11 131
11 144
11 159
11 203
11 209
11 213
11 216
11 221
11 229
11 232
11 234
11 235
11 258
11 263
11 265
11 277
11 279
11 282
11 295
12 0
12 10
12 47
12 49
12 89
12 98
12 107
12 110
12 112
12 114
12 132
12 135
12 152
12 164
12 183
12 184
12 193
12 194
12 228
12 239
12 251
12 258
12 277
13 1
13 4
13 6
13 10
13 12
13 37
13 40
13 72
13 85
13 97
13 102
13 105
13 126
13 151
13 167
13 197
13 198
13 211
13 222
13 227
13 229
13 263
13 270
13 286
13 288
13 289
13 295
14 30
14 31
14 36
14 47
14 49
14 51
14 71
14 93
14 99
14 100
14 108
14 111
14 113
14 117
14 119
14 122
14 125
14 132
14 138
14 150
14 159
14 167
14 168
14 170
14 192
14 202
14 206
14 216
14 217
14 250
14 252
14 253
14 267
14 278
14 294
14 296
15 1
15 24
15 28
15 44
15 60
15 71
15 83
15 109
15 151
15 171
15 172
15 174
15 181
15 182
15 196
15 203
15 207
15 208
15 210
15 218
15 224
15 228
15 234
15 247
15 253
15 258
15 272
15 276
15 289
16 1
16 11
16 12
16 34
16 41
16 69
16 96
16 98
16 113
16 153
16 171
16 211
16 216
16 219
16 224
16 229
16 267
16 272
16 278
17 5
17 15
17 34
17 40
17 47
17 48
17 60
17 61
17 64
17 79
17 85
17 106
17 107
17 108
17 114
17 119
17 133
17 135
17 176
17 196
17 198
17 205
17 218
17 220
17 224
17 227
17 228
17 235
17 264
17 269
17 281
18 7
18 17
18 24
18 32
18 36
18 43
18 58
18 63
18 73
18 77
18 85
18 91
18 96
18 97
18 104
18 110
18 138
18 145
18 149
18 160
18 184
18 186
18 204
18 207
18 208
18 219
18 223
18 233
18 251
18 272
18 277
18 295
19 4
19 15
19 25
19 31
19 44
19 49
19 69
19 70
19 71
19 83
19 97
19 104
19 111
19 119
19 136
19 138
19 141
19 162
19 170
19 171
19 177
19 202
19 230
19 235
19 237
19 239
19 241
19 273
19 277
19 285
19 293
19 295
19 298
19 299
20 5
20 15
20 23
20 33
20 62
20 67
20 72
20 75
20 80
20 87
20 96
20 98
20 101
20 102
20 114
20 116
20 117
20 149
20 174
20 175
20 178
20 191
20 196
20 199
20 205
20 206
20 216
20 224
20 226
20 237
20 239
20 243
20 251
20 257
20 258
20 261
20 271
20 278
20 289
20 298
21 29
21 46
21 53
21 64
21 73
21 74
21 75
21 84
21 87
21 88
21 106
21 118
21 144
21 158
21 165
21 172
21 176
21 181
21 193
21 198
21 209
21 211
21 224
21 241
21 245
21 251
21 262
21 280
21 284
21 292
21 293
22 21
22 23
22 24
22 36
22 57
22 68
22 71
22 73
22 76
22 97
22 102
22 113
22 130
22 131
22 138
22 150
22 159
22 161
22 164
22 195
22 202
22 207
22 208
22 213
22 228
22 238
22 245
22 289
22 296
23 3
23 9
23 12
23 23
23 26
23 31
23 50
23 61
23 64
23 67
23 70
23 80
23 90
23 93
23 104
23 126
23 130
23 138
23 156
23 178
23 189
23 191
23 208
23 210
23 219
23 224
23 242
23 243
23 249
23 256
23 258
23 286
24 1
24 5
24 10
24 14
24 15
24 18
24 44
24 62
24 63
24 70
24 74
24 78
24 86
24 88
24 97
24 99
24 104
24 118
24 136
24 137
24 138
24 147
24 148
24 159
24 160
24 170
24 183
24 187
24 213
24 232
24 235
24 245
24 261
24 285
25 1
25 9
25 43
25 52
25 53
25 54
25 60
25 64
25 73
25 100
25 104
25 109
25 114
25 122
25 124
25 143
25 146
25 166
25 167
25 178
25 190
25 192
25 196
25 200
25 207
25 211
25 218
25 230
25 234
25 236
25 240
25 251
25 266
25 275
26 5
26 9
26 16
26 27
26 30
26 41
26 43
26 61
26 114
26 119
26 121
26 133
26 135
26 137
26 151
26 164
26 172
26 177
26 178
26 180
26 182
26 208
26 212
26 225
26 235
26 250
26 264
26 266
26 268
26 269
26 282
26 288
26 293
26 297
27 2
27 9
27 25
27 30
27 33
27 41
27 53
27 67
27 68
27 90
27 93
27 95
27 104
27 106
27 122
27 123
27 125
27 129
27 165
27 167
27 168
27 172
27 180
27 191
27 205
27 223
27 234
27 237
27 241
27 243
27 252
27 253
27 273
27 277
27 287
27 295
27 299
28 0
28 1
28 8
28 16
28 26
28 57
28 70
28 87
28 122
28 131
28 162
28 164
28 167
28 186
28 190
28 200
28 205
28 206
28 215
28 231
28 233
28 236
28 248
28 257
28 272
28 297
29 0
29 16
29 22
29 24
29 57
29 65
29 68
29 74
29 87
29 89
29 93
29 95
29 107
29 118
29 125
29 130
29 132
29 133
29 139
29 185
29 186
29 189
29 199
29 222
29 230
29 237
29 245
29 277
29 285
29 292
29 297
29 299
30 3
30 5
30 6
30 27
30 31
30 39
30 43
30 45
30 53
30 67
30 77
30 85
30 126
30 128
30 139
30 146
30 150
30 176
30 177
30 183
30 192
30 196
30 203
30 212
30 228
30 229
30 235
30 247
30 251
30 289
31 0
31 6
31 9
31 18
31 25
31 44
31 48
31 59
31 65
31 66
31 88
31 91
31 102
31 104
31 109
31 131
31 132
31 133
31 154
31 155
31 163
31 169
31 181
31 184
31 186
31 189
31 192
31 209
31 216
31 218
31 232
31 248
31 251
31 260
31 261
31 266
31 281
31 285
31 289
32 21
32 25
32 32
32 34
32 37
32 56
32 59
32 72
32 73
32 81
32 83
32 87
32 101
32 114
32 118
32 120
32 128
32 130
32 133
32 142
32 162
32 173
32 185
32 189
32 198
32 215
32 232
32 238
32 247
32 272
32 292
32 297
33 45
33 46
33 58
33 68
33 70
33 86
33 97
33 110
33 114
33 118
33 121
33 123
33 130
33 156
33 167
33 170
33 174
33 181
33 223
33 228
33 246
33 247
33 251
33 267
33 285
34 0
34 1
34 33
34 36
34 43
34 46
34 48
34 50
34 52
34 57
34 59
34 66
34 71
34 77
34 98
34 119
34 122
34 124
34 126
34 143
34 158
34 167
34 183
34 188
34 199
34 209
34 212
34 221
34 230
34 237
34 249
34 250
34 265
34 293
35 8
35 88
35 93
35 108
35 115
35 120
35 136
35 139
35 140
35 142
35 151
35 154
35 159
35 170
35 173
35 181
35 240
35 246
35 250
35 255
35 267
35 274
35 297
35 299
36 14
36 17
36 42
36 52
36 58
36 67
36 80
36 84
36 103
36 134
36 147
36 180
36 191
36 202
36 209
36 213
36 216
36 217
36 235
36 236
36 243
36 261
36 267
36 286
36 289
36 296
37 0
37 11
37 37
37 50
37 86
37 119
37 122
37 123
37 124
37 138
37 156
37 157
37 162
37 163
37 190
37 193
37 202
37 216
37 223
37 227
37 231
37 236
37 237
37 239
37 243
37 264
37 271
37 284
37 285
37 294
38 6
38 16
38 26
38 30
38 37
38 44
38 47
38 54
38 64
38 71
38 98
38 126
38 129
38 131
38 142
38 144
38 149
38 154
38 173
38 176
38 177
38 181
38 197
38 235
38 240
38 257
38 260
38 267
38 295
39 11
39 14
39 21
39 70
39 72
39 81
39 95
39 104
39 105
39 119
39 121
39 126
39 136
39 142
39 165
39 189
39 190
39 193
39 194
39 201
39 202
39 253
39 258
39 264
39 271
39 278
40 51
40 59
40 70
40 71
40 81
40 82
40 86
40 90
40 92
40 111
40 114
40 138
40 169
40 171
40 180
40 203
40 208
40 228
40 254
40 268
40 272
40 286
40 297
41 1
41 6
41 66
41 69
41 71
41 78
41 81
41 85
41 93
41 113
41 133
41 134
41 147
41 154
41 167
41 174
41 179
41 191
41 199
41 206
41 207
41 226
41 229
41 240
41 250
41 254
41 256
41 297
42 10
42 26
42 35
42 43
42 51
42 65
42 67
42 82
42 84
42 102
42 116
42 121
42 126
42 132
42 147
42 154
42 161
42 170
42 172
42 173
42 180
42 181
42 183
42 205
42 224
42 237
42 239
42 249
42 253
42 258
42 259
42 262
42 275
42 287
42 298
43 7
43 9
43 43
43 56
43 58
43 59
43 61
43 62
43 72
43 74
43 75
43 87
43 90
43 94
43 110
43 114
43 122
43 127
43 128
43 155
43 158
43 161
43 172
43 175
43 205
43 217
43 222
43 226
43 231
43 233
43 240
43 247
43 249
43 256
43 267
43 268
44 5
44 6
44 73
44 81
44 85
44 88
44 90
44 91
44 93
44 99
44 104
44 112
44 134
44 135
44 137
44 171
44 178
44 181
44 202
44 205
44 206
44 213
44 241
44 250
44 259
44 263
44 273
44 276
44 296
45 0
45 12
45 18
45 26
45 27
45 46
45 53
45 74
45 83
45 111
45 128
45 129
45 144
45 145
45 146
45 150
45 151
45 182
45 200
45 213
45 215
45 218
45 227
45 236
45 240
45 242
45 246
45 261
45 280
45 286
45 288
45 290
46 14
46 35
46 37
46 53
46 59
46 67
46 81
46 82
46 107
46 111
46 119
46 128
46 137
46 161
46 176
46 178
46 179
46 180
46 204
46 207
46 212
46 220
46 224
46 228
46 239
46 240
46 245
46 247
46 256
46 272
46 277
46 278
46 288
46 297
47 1
47 8
47 11
47 48
47 55
47 62
47 69
47 72
47 80
47 82
47 104
47 108
47 115
47 125
47 128
47 141
47 154
47 158
47 162
47 165
47 175
47 187
47 205
47 211
47 228
47 231
47 232
47 236
47 240
47 252
47 254
47 257
47 269
47 274
47 282
47 295
47 297
48 0
48 4
48 6
48 23
48 56
48 70
48 72
48 76
48 101
48 113
48 155
48 167
48 172
48 182
48 194
48 209
48 245
48 262
48 265
48 270
49 18
49 21
49 26
49 50
49 51
49 71
49 97
49 101
49 107
49 108
49 151
49 162
49 163
49 169
49 174
49 193
49 194
49 210
49 212
49 230
49 234
49 236
49 250
49 273
49 280
49 283
49 293
50 3
50 5
50 8
50 30
50 37
50 45
50 46
50 59
50 62
50 73
50 77
50 81
50 82
50 93
50 110
50 111
50 113
50 117
50 128
50 129
50 144
50 184
50 206
50 218
50 230
50 249
50 264
50 276
50 290
50 296
51 11
51 20
51 30
51 37
51 41
51 46
51 61
51 79
51 95
51 96
51 105
51 125
51 146
51 155
51 159
51 173
51 185
51 190
51 193
51 207
51 213
51 226
51 243
51 253
51 258
51 290
51 291
51 297
52 8
52 15
52 23
52 40
52 57
52 74
52 76
52 82
52 108
52 111
52 121
52 123
52 126
52 134
52 150
52 168
52 178
52 198
52 212
52 224
52 237
52 238
52 242
52 244
52 247
52 262
52 274
52 276
52 285
53 2
53 9
53 68
53 96
53 97
53 118
53 123
53 129
53 139
53 148
53 175
53 178
53 182
53 190
53 211
53 225
53 259
53 277
53 280
53 284
54 1
54 6
54 18
54 35
54 39
54 52
54 57
54 58
54 59
54 60
54 67
54 69
54 78
54 86
54 89
54 90
54 94
54 102
54 113
54 131
54 132
54 139
54 150
54 164
54 168
54 180
54 184
54 188
54 197
54 199
54 238
54 272
54 277
54 283
55 9
55 23
55 27
55 28
55 45
55 54
55 65
55 69
55 88
55 94
55 109
55 118
55 131
55 139
55 151
55 160
55 163
55 170
55 183
55 185
55 191
55 210
55 218
55 225
55 233
55 251
55 255
55 258
55 261
55 270
55 272
55 295
56 16
56 28
56 35
56 36
56 43
56 44
56 53
56 60
56 75
56 80
56 87
56 88
56 103
56 123
56 133
56 159
56 163
56 176
56 199
56 205
56 219
56 246
56 254
56 261
56 262
57 16
57 32
57 46
57 58
57 59
57 97
57 108
57 120
57 123
57 136
57 149
57 167
57 179
57 213
57 219
57 222
57 229
57 259
57 264
57 267
57 276
57 283
57 291
57 292
57 293
58 1
58 7
58 22
58 33
58 49
58 83
58 87
58 98
58 106
58 128
58 136
58 138
58 156
58 167
58 179
58 187
58 200
58 201
58 208
58 215
58 239
58 247
58 255
58 264
58 294
59 1
59 6
59 26
59 34
59 65
59 73
59 79
59 103
59 113
59 114
59 122
59 138
59 147
59 156
59 170
59 181
59 199
59 207
59 208
59 222
59 232
59 235
59 248
59 257
59 259
59 283
59 284
60 0
60 11
60 29
60 50
60 56
60 72
60 91
60 92
60 102
60 107
60 120
60 124
60 136
60 139
60 147
60 178
60 186
60 213
60 228
60 242
60 248
60 256
60 259
60 263
60 272
60 276
60 280
60 296
60 299
61 3
61 12
61 18
61 32
61 33
61 35
61 42
61 90
61 97
61 105
61 121
61 141
61 171
61 183
61 192
61 199
61 259
62 13
62 21
62 33
62 41
62 47
62 49
62 52
62 53
62 60
62 66
62 75
62 97
62 100
62 127
62 139
62 141
62 143
62 146
62 149
62 161
62 162
62 165
62 171
62 178
62 208
62 226
62 233
62 238
62 240
62 259
62 262
62 264
62 267
62 269
62 277
63 1
63 14
63 18
63 21
63 35
63 100
63 103
63 111
63 127
63 128
63 144
63 147
63 149
63 154
63 173
63 188
63 189
63 196
63 203
63 206
63 209
63 212
63 214
63 215
63 217
63 221
63 237
63 244
63 246
63 249
63 252
63 262
63 272
63 290
64 4
64 5
64 8
64 23
64 33
64 46
64 55
64 61
64 65
64 81
64 99
64 102
64 106
64 109
64 115
64 120
64 132
64 146
64 153
64 157
64 166
64 171
64 175
64 204
64 215
64 223
64 256
64 266
64 277
64 295
64 297
65 20
65 30
65 48
65 52
65 59
65 73
65 80
65 81
65 86
65 94
65 122
65 124
65 134
65 138
65 161
65 168
65 183
65 184
65 192
65 200
65 201
65 209
65 210
65 218
65 244
65 266
65 279
65 281
65 291
66 2
66 9
66 16
66 17
66 18
66 50
66 57
66 59
66 104
66 107
66 123
66 126
66 137
66 178
66 179
66 181
66 182
66 185
66 190
66 191
66 195
66 203
66 214
66 244
66 266
66 279
66 288
66 296
66 297
67 10
67 14
67 21
67 29
67 35
67 50
67 52
67 58
67 65
67 82
67 93
67 130
67 131
67 139
67 159
67 174
67 176
67 182
67 184
67 186
67 189
67 190
67 194
67 195
67 196
67 206
67 208
67 216
67 225
67 241
67 266
67 278
67 279
67 284
67 287
67 292
67 293
68 4
68 7
68 11
68 16
68 21
68 27
68 36
68 49
68 62
68 65
68 101
68 103
68 107
68 109
68 110
68 111
68 120
68 129
68 133
68 178
68 191
68 196
68 210
68 212
68 214
68 222
68 223
68 241
68 272
68 275
68 285
68 290
68 291
68 296
69 13
69 15
69 17
69 28
69 31
69 38
69 40
69 52
69 55
69 64
69 73
69 86
69 88
69 90
69 91
69 95
69 100
69 111
69 114
69 150
69 155
69 159
69 161
69 181
69 184
69 191
69 201
69 202
69 217
69 220
69 223
69 228
69 242
69 244
69 245
69 258
69 265
69 286
69 290
69 293
69 294
70 4
70 6
70 11
70 15
70 20
70 21
70 35
70 38
70 39
70 42
70 50
70 57
70 76
70 93
70 113
70 114
70 122
70 141
70 143
70 153
70 156
70 173
70 195
70 197
70 198
70 199
70 212
70 216
70 220
70 233
70 273
70 291
71 19
71 36
71 67
71 89
71 97
71 127
71 135
71 150
71 162
71 169
71 178
71 185
71 186
71 202
71 214
71 227
71 228
71 230
71 231
71 247
71 256
71 265
71 271
71 275
71 276
71 279
71 283
72 18
72 30
72 31
72 55
72 95
72 97
72 101
72 111
72 114
72 126
72 137
72 142
72 151
72 192
72 193
72 204
72 206
72 207
72 217
72 231
72 234
72 244
72 258
72 259
72 273
72 278
73 0
73 1
73 15
73 17
73 19
73 38
73 40
73 45
73 49
73 63
73 84
73 92
73 96
73 111
73 133
73 139
73 155
73 166
73 174
73 187
73 193
73 195
73 202
73 203
73 206
73 207
73 228
73 234
73 257
73 266
73 267
73 268
73 269
73 291
73 293
74 5
74 10
74 25
74 47
74 53
74 57
74 62
74 77
74 79
74 85
74 91
74 95
74 101
74 107
74 117
74 120
74 139
74 144
74 145
74 148
74 149
74 150
74 163
74 167
74 180
74 207
74 213
74 236
74 238
74 244
74 249
74 251
74 252
74 261
74 265
74 277
74 281
74 289
75 0
75 1
75 5
75 14
75 24
75 42
75 45
75 59
75 66
75 81
75 83
75 93
75 103
75 115
75 127
75 129
75 138
75 159
75 160
75 167
75 173
75 175
75 178
75 207
75 216
75 227
75 231
75 237
75 247
75 248
75 278
75 288
76 3
76 8
76 15
76 31
76 38
76 46
76 59
76 81
76 85
76 87
76 90
76 114
76 116
76 122
76 123
76 124
76 130
76 140
76 146
76 150
76 162
76 172
76 175
76 214
76 230
76 236
76 244
76 260
76 276
76 281
76 287
76 291
77 20
77 24
77 28
77 39
77 44
77 56
77 62
77 63
77 95
77 107
77 115
77 132
77 135
77 136
77 163
77 189
77 197
77 203
77 211
77 242
77 246
77 257
77 261
77 274
77 280
77 291
77 293
77 296
78 16
78 55
78 66
78 67
78 72
78 74
78 78
78 79
78 106
78 108
78 124
78 127
78 137
78 141
78 171
78 193
78 197
78 201
78 207
78 226
78 229
78 232
78 233
78 241
78 287
78 288
79 1
79 12
79 13
79 14
79 23
79 64
79 65
79 72
79 74
79 78
79 100
79 106
79 108
79 110
79 117
79 120
79 122
79 131
79 137
79 159
79 165
79 173
79 180
79 181
79 187
79 196
79 207
79 209
79 219
79 222
79 228
79 229
79 234
79 254
79 274
79 277
80 9
80 19
80 25
80 29
80 31
80 48
80 49
80 65
80 74
80 75
80 87
80 95
80 110
80 112
80 124
80 131
80 135
80 137
80 144
80 146
80 172
80 200
80 225
80 226
80 244
80 248
80 266
80 279
80 298
80 299
81 8
81 18
81 38
81 44
81 55
81 65
81 70
81 79
81 83
81 85
81 105
81 106
81 139
81 170
81 173
81 187
81 203
81 217
81 224
81 229
81 230
81 238
81 239
81 248
81 261
81 285
81 292
81 296
81 299
82 1
82 7
82 9
82 13
82 23
82 48
82 55
82 66
82 82
82 83
82 85
82 89
82 115
82 126
82 128
82 129
82 140
82 146
82 148
82 156
82 158
82 165
82 167
82 183
82 189
82 194
82 199
82 204
82 213
82 218
82 244
82 260
82 262
82 276
82 279
82 281
82 293
82 295
82 298
82 299
83 2
83 13
83 24
83 28
83 29
83 36
83 46
83 47
83 52
83 81
83 88
83 90
83 103
83 111
83 148
83 149
83 160
83 165
83 171
83 195
83 203
83 204
83 207
83 222
83 235
83 252
83 267
83 271
83 272
83 284
83 292
83 293
83 297
84 4
84 5
84 6
84 19
84 23
84 44
84 54
84 75
84 78
84 88
84 126
84 127
84 128
84 132
84 135
84 136
84 145
84 151
84 190
84 194
84 196
84 211
84 226
84 230
84 232
84 238
84 244
84 249
84 274
84 276
84 287
85 6
85 24
85 25
85 52
85 100
85 101
85 117
85 119
85 121
85 137
85 146
85 148
85 153
85 159
85 169
85 178
85 180
85 184
85 195
85 214
85 221
85 235
85 254
85 270
85 271
86 40
86 47
86 48
86 52
86 71
86 75
86 77
86 95
86 118
86 126
86 150
86 159
86 161
86 189
86 219
86 242
86 244
86 264
86 272
86 284
86 297
87 2
87 3
87 10
87 23
87 48
87 49
87 51
87 52
87 56
87 59
87 80
87 82
87 99
87 103
87 122
87 126
87 133
87 136
87 153
87 157
87 176
87 184
87 185
87 202
87 212
87 216
87 242
87 248
87 255
87 259
87 261
87 265
87 268
87 278
87 279
87 281
87 292
87 298
88 1
88 9
88 16
88 18
88 27
88 35
88 36
88 51
88 52
88 65
88 70
88 88
88 91
88 92
88 94
88 102
88 103
88 114
88 121
88 130
88 135
88 145
88 147
88 152
88 155
88 165
88 179
88 189
88 206
88 208
88 246
88 262
88 283
89 1
89 3
89 7
89 9
89 28
89 29
89 30
89 38
89 48
89 53
89 75
89 77
89 80
89 93
89 97
89 108
89 138
89 147
89 153
89 159
89 163
89 181
89 189
89 191
89 194
89 209
89 215
89 237
89 241
89 256
89 263
89 292
89 295
90 6
90 33
90 49
90 53
90 63
90 76
90 100
90 108
90 119
90 135
90 136
90 153
90 165
90 188
90 194
90 207
90 209
90 212
90 227
90 245
90 247
90 248
90 249
90 255
90 279
90 288
90 292
90 293
90 294
91 1
91 7
91 13
91 35
91 49
91 54
91 86
91 91
91 118
91 119
91 126
91 127
91 138
91 140
91 149
91 162
91 163
91 169
91 174
91 184
91 192
91 194
91 211
91 216
91 233
91 240
91 250
91 259
91 263
91 286
91 288
91 292
91 299
92 35
92 48
92 50
92 56
92 58
92 67
92 76
92 90
92 98
92 100
92 108
92 121
92 125
92 143
92 147
92 153
92 154
92 185
92 188
92 210
92 217
92 254
92 268
92 286
92 295
93 3
93 19
93 22
93 32
93 37
93 79
93 83
93 87
93 88
93 93
93 97
93 103
93 123
93 130
93 137
93 150
93 154
93 158
93 161
93 181
93 189
93 190
93 195
93 202
93 205
93 209
93 211
93 216
93 241
93 242
93 257
93 260
93 261
93 269
93 275
93 283
93 286
93 288
94 15
94 18
94 39
94 44
94 57
94 80
94 104
94 106
94 111
94 127
94 139
94 140
94 155
94 161
94 185
94 198
94 202
94 207
94 225
94 230
94 231
94 242
94 248
94 251
94 252
94 253
94 263
94 266
94 279
94 280
94 293
95 7
95 11
95 48
95 57
95 66
95 94
95 104
95 118
95 123
95 131
95 162
95 171
95 202
95 203
95 213
95 240
95 251
95 252
95 270
95 281
95 288
95 291
95 297
96 16
96 28
96 34
96 49
96 58
96 73
96 86
96 91
96 109
96 123
96 150
96 162
96 169
96 170
96 173
96 179
96 185
96 189
96 192
96 194
96 204
96 210
96 217
96 231
96 234
96 236
96 259
96 269
96 277
96 286
96 294
96 297
97 3
97 13
97 20
97 37
97 40
97 42
97 54
97 59
97 65
97 87
97 97
97 98
97 103
97 104
97 126
97 129
97 138
97 143
97 154
97 156
97 170
97 180
97 184
97 187
97 191
97 203
97 205
97 207
97 212
97 218
97 231
97 244
97 254
97 256
97 268
97 273
98 20
98 29
98 36
98 42
98 52
98 64
98 66
98 82
98 93
98 94
98 102
98 121
98 122
98 124
98 131
98 132
98 148
98 159
98 174
98 176
98 195
98 197
98 201
98 202
98 215
98 217
98 231
98 232
98 265
98 284
99 0
99 7
99 16
99 20
99 37
99 44
99 53
99 60
99 65
99 69
99 84
99 99
99 103
99 115
99 128
99 130
99 133
99 134
99 144
99 175
99 182
99 193
99 195
99 204
99 211
99 222
99 223
99 229
99 238
99 240
99 244
99 247
99 252
99 255
99 258
99 276
99 288
99 289
99 291
99 294
100 17
100 22
100 27
100 34
100 38
100 51
100 54
100 55
100 58
100 61
100 73
100 74
100 81
100 82
100 84
100 87
100 88
100 100
100 116
100 125
100 158
100 159
100 166
100 175
100 199
100 204
100 214
100 225
100 228
100 249
100 256
100 267
100 281
100 283
100 296
101 5
101 9
101 15
101 19
101 33
101 36
101 59
101 64
101 106
101 136
101 144
101 151
101 157
101 162
101 169
101 177
101 190
101 191
101 218
101 226
101 240
101 251
101 255
101 256
101 281
101 296
102 13
102 36
102 52
102 90
102 91
102 105
102 106
102 113
102 128
102 131
102 148
102 149
102 157
102 158
102 193
102 217
102 224
102 231
102 248
102 251
102 256
102 271
102 276
102 280
103 1
103 3
103 10
103 11
103 16
103 49
103 50
103 69
103 74
103 75
103 78
103 87
103 101
103 111
103 133
103 159
103 186
103 196
103 206
103 211
103 217
103 232
103 235
103 245
103 246
103 247
103 251
103 272
103 278
103 293
103 295
104 6
104 17
104 59
104 70
104 75
104 85
104 97
104 117
104 118
104 138
104 140
104 142
104 150
104 168
104 170
104 185
104 186
104 187
104 192
104 209
104 211
104 217
104 219
104 225
104 234
104 241
104 249
104 250
104 257
104 258
104 261
105 13
105 14
105 33
105 79
105 82
105 90
105 93
105 95
105 106
105 112
105 116
105 134
105 135
105 143
105 144
105 161
105 184
105 189
105 193
105 201
105 211
105 219
105 221
105 245
105 264
105 290
105 291
105 292
105 296
106 1
106 13
106 16
106 39
106 43
106 45
106 47
106 53
106 63
106 70
106 78
106 105
106 131
106 177
106 184
106 185
106 186
106 190
106 200
106 201
106 214
106 230
106 236
106 244
106 246
106 247
106 252
106 253
106 259
106 260
106 263
107 17
107 24
107 27
107 28
107 61
107 66
107 71
107 74
107 81
107 89
107 92
107 107
107 128
107 129
107 139
107 141
107 149
107 153
107 158
107 170
107 177
107 178
107 181
107 186
107 194
107 201
107 217
107 225
107 227
107 228
107 239
107 262
107 267
107 282
107 283
107 287
107 291
108 10
108 15
108 18
108 20
108 40
108 52
108 53
108 56
108 67
108 69
108 72
108 88
108 89
108 104
108 114
108 119
108 150
108 169
108 172
108 173
108 181
108 206
108 212
108 224
108 233
108 234
108 240
108 244
108 265
108 271
108 277
108 279
108 280
108 292
108 295
109 2
109 14
109 21
109 33
109 36
109 51
109 60
109 61
109 66
109 105
109 108
109 114
109 121
109 125
109 133
109 136
109 152
109 169
109 188
109 200
109 206
109 224
109 227
109 236
109 245
109 292
110 9
110 10
110 14
110 30
110 35
110 46
110 61
110 66
110 68
110 70
110 73
110 82
110 100
110 114
110 138
110 144
110 157
110 159
110 164
110 178
110 184
110 193
110 197
110 199
110 207
110 211
110 216
110 218
110 220
110 221
110 226
110 247
110 255
110 256
110 258
110 262
110 265
110 269
110 271
110 281
110 283
110 298
111 10
111 28
111 38
111 53
111 60
111 80
111 109
111 184
111 191
111 202
111 211
111 251
111 255
111 276
111 278
111 286
111 292
111 293
112 3
112 6
112 18
112 27
112 41
112 48
112 77
112 79
112 81
112 82
112 91
112 93
112 120
112 153
112 156
112 157
112 170
112 186
112 193
112 199
112 229
112 247
112 262
112 294
113 3
113 7
113 11
113 13
113 14
113 17
113 18
113 19
113 30
113 40
113 41
113 51
113 63
113 65
113 68
113 73
113 74
113 80
113 82
113 130
113 134
113 140
113 147
113 150
113 159
113 160
113 167
113 171
113 174
113 182
113 184
113 193
113 194
113 195
113 209
113 216
113 219
113 233
113 237
113 259
113 266
113 272
113 275
113 281
113 286
113 290
113 297
114 0
114 29
114 30
114 31
114 42
114 51
114 53
114 58
114 90
114 91
114 93
114 97
114 108
114 111
114 116
114 120
114 146
114 162
114 174
114 180
114 187
114 190
114 192
114 199
114 203
114 225
114 234
114 242
114 243
114 246
114 248
114 255
114 268
114 273
115 0
115 5
115 8
115 9
115 15
115 18
115 25
115 31
115 42
115 46
115 64
115 83
115 105
115 116
115 125
115 134
115 146
115 150
115 165
115 185
115 186
115 192
115 196
115 204
115 216
115 226
115 246
115 267
115 269
115 295
115 296
116 29
116 32
116 36
116 38
116 71
116 72
116 85
116 87
116 88
116 89
116 98
116 101
116 131
116 132
116 135
116 140
116 142
116 151
116 166
116 172
116 174
116 178
116 183
116 184
116 203
116 204
116 226
116 228
116 279
117 0
117 1
117 6
117 10
117 12
117 19
117 33
117 35
117 39
117 40
117 54
117 66
117 87
117 92
117 97
117 108
117 118
117 126
117 140
117 156
117 159
117 162
117 171
117 172
117 176
117 177
117 189
117 194
117 203
117 211
117 217
117 232
117 235
117 243
117 252
117 254
117 257
117 273
117 283
118 7
118 27
118 34
118 35
118 45
118 59
118 66
118 71
118 72
118 77
118 86
118 89
118 91
118 98
118 101
118 103
118 119
118 129
118 132
118 150
118 156
118 169
118 174
118 188
118 209
118 217
118 222
118 237
118 248
118 253
118 273
118 281
118 286
118 291
118 293
119 4
119 5
119 18
119 23
119 46
119 47
119 57
119 72
119 78
119 129
119 148
119 150
119 151
119 160
119 161
119 163
119 167
119 176
119 177
119 184
119 187
119 189
119 232
119 233
119 245
119 248
119 253
119 264
119 294
120 1
120 11
120 27
120 35
120 49
120 54
120 59
120 62
120 100
120 103
120 104
120 119
120 126
120 132
120 138
120 154
120 165
120 168
120 172
120 182
120 184
120 185
120 186
120 191
120 199
120 217
120 228
120 242
120 281
120 291
121 9
121 12
121 14
121 49
121 57
121 59
121 64
121 71
121 86
121 93
121 108
121 111
121 112
121 132
121 162
121 176
121 193
121 197
121 200
121 209
121 214
121 226
121 229
121 233
121 234
121 274
122 0
122 5
122 29
122 36
122 53
122 61
122 72
122 98
122 101
122 102
122 103
122 123
122 129
122 137
122 138
122 139
122 143
122 158
122 176
122 184
122 185
122 187
122 192
122 197
122 205
122 220
122 236
122 244
122 245
122 259
122 271
122 274
122 279
122 285
122 287
122 295
123 6
123 37
123 46
123 59
123 78
123 94
123 111
123 121
123 127
123 132
123 140
123 149
123 152
123 163
123 175
123 177
123 189
123 192
123 203
123 219
123 221
123 227
123 243
123 254
123 258
123 259
123 263
123 290
124 0
124 3
124 4
124 20
124 30
124 50
124 85
124 86
124 91
124 95
124 100
124 117
124 136
124 139
124 144
124 159
124 165
124 171
124 173
124 182
124 188
124 192
124 201
124 233
124 237
124 254
124 255
124 258
124 264
124 270
124 273
124 298
124 299
125 2
125 14
125 15
125 16
125 21
125 37
125 53
125 77
125 79
125 95
125 126
125 128
125 133
125 135
125 141
125 152
125 158
125 164
125 177
125 184
125 187
125 190
125 194
125 199
125 208
125 251
125 255
125 259
125 286
125 292
125 298
126 3
126 11
126 18
126 40
126 44
126 61
126 62
126 65
126 69
126 85
126 88
126 89
126 106
126 107
126 137
126 145
126 151
126 164
126 212
126 226
126 232
126 238
126 254
126 276
126 291
127 9
127 16
127 17
127 32
127 34
127 36
127 40
127 44
127 55
127 56
127 80
127 95
127 119
127 133
127 136
127 148
127 158
127 159
127 164
127 169
127 170
127 191
127 199
127 200
127 201
127 202
127 203
127 205
127 208
127 218
127 231
127 242
127 261
127 281
127 283
128 10
128 23
128 37
128 38
128 47
128 50
128 66
128 69
128 81
128 85
128 108
128 119
128 121
128 128
128 143
128 153
128 158
128 160
128 185
128 202
128 224
128 227
128 231
128 237
128 241
128 245
128 248
128 252
128 270
128 273
128 275
128 278
128 279
128 281
128 284
129 13
129 22
129 25
129 49
129 57
129 58
129 65
129 70
129 91
129 94
129 109
129 121
129 136
129 139
129 144
129 153
129 158
129 167
129 175
129 191
129 197
129 198
129 202
129 210
129 219
129 232
129 244
129 254
129 256
129 271
129 273
129 281
129 282
129 288
130 0
130 25
130 49
130 50
130 63
130 66
130 75
130 81
130 84
130 86
130 96
130 98
130 121
130 136
130 140
130 159
130 172
130 208
130 209
130 214
130 217
130 220
130 232
130 259
130 261
130 265
130 272
130 275
130 278
131 4
131 16
131 22
131 39
131 40
131 45
131 81
131 82
131 89
131 91
131 125
131 126
131 131
131 143
131 163
131 168
131 173
131 184
131 186
131 192
131 210
131 214
131 216
131 218
131 249
131 250
131 281
131 296
132 5
132 27
132 33
132 63
132 68
132 69
132 83
132 99
132 123
132 137
132 162
132 170
132 185
132 202
132 203
132 210
132 228
132 233
132 235
132 238
132 242
132 245
132 248
132 281
132 284
133 29
133 38
133 39
133 55
133 60
133 67
133 79
133 94
133 95
133 101
133 102
133 115
133 126
133 150
133 160
133 169
133 176
133 194
133 196
133 199
133 229
133 236
133 248
133 256
133 257
133 260
133 266
133 268
133 290
133 293
134 0
134 13
134 19
134 43
134 44
134 52
134 55
134 70
134 78
134 93
134 138
134 147
134 151
134 189
134 193
134 194
134 197
134 199
134 201
134 205
134 211
134 219
134 223
134 228
134 235
134 236
134 244
134 270
134 275
134 283
135 11
135 20
135 21
135 25
135 107
135 115
135 118
135 129
135 136
135 142
135 154
135 176
135 197
135 207
135 212
135 236
135 245
135 246
135 265
135 266
136 2
136 7
136 12
136 36
136 67
136 69
136 75
136 91
136 97
136 104
136 109
136 119
136 134
136 144
136 149
136 159
136 170
136 183
136 185
136 190
136 197
136 199
136 200
136 203
136 205
136 227
136 228
136 232
136 237
136 260
136 277
136 280
137 0
137 10
137 26
137 37
137 38
137 48
137 57
137 86
137 87
137 98
137 113
137 115
137 122
137 156
137 162
137 168
137 171
137 173
137 185
137 204
137 209
137 212
137 221
137 231
137 249
137 273
137 274
138 3
138 12
138 21
138 23
138 34
138 90
138 93
138 116
138 131
138 133
138 134
138 139
138 147
138 150
138 160
138 161
138 162
138 164
138 176
138 179
138 201
138 206
138 216
138 223
138 229
138 233
138 244
138 249
138 252
138 265
138 275
138 280
138 294
139 7
139 16
139 41
139 51
139 59
139 61
139 76
139 82
139 84
139 92
139 99
139 100
139 102
139 114
139 132
139 140
139 164
139 172
139 186
139 201
139 215
139 216
139 223
139 227
139 234
139 239
140 23
140 49
140 57
140 68
140 77
140 84
140 94
140 104
140 126
140 137
140 176
140 182
140 188
140 189
140 191
140 192
140 203
140 211
140 219
140 236
140 239
140 263
140 278
140 284
141 6
141 10
141 20
141 23
141 24
141 32
141 34
141 35
141 36
141 51
141 61
141 68
141 75
141 81
141 98
141 129
141 135
141 143
141 146
141 161
141 169
141 184
141 188
141 189
141 201
141 206
141 213
141 218
141 223
141 224
141 226
141 228
141 229
141 256
141 265
141 272
141 281
141 286
141 289
141 293
141 294
142 14
142 17
142 19
142 20
142 32
142 45
142 53
142 56
142 57
142 70
142 86
142 98
142 100
142 114
142 119
142 142
142 149
142 157
142 158
142 165
142 178
142 184
142 189
142 190
142 201
142 205
142 213
142 228
142 230
142 233
142 236
142 244
142 263
142 270
142 278
142 281
142 292
143 4
143 5
143 32
143 36
143 64
143 78
143 85
143 92
143 98
143 100
143 142
143 144
143 145
143 149
143 152
143 167
143 176
143 178
143 189
143 198
143 199
143 204
143 216
143 240
143 253
143 281
143 289
143 290
143 293
143 295
143 298
144 13
144 17
144 32
144 43
144 50
144 53
144 61
144 66
144 93
144 101
144 115
144 119
144 124
144 126
144 140
144 149
144 154
144 207
144 210
144 224
144 271
144 275
144 287
145 0
145 7
145 20
145 40
145 41
145 53
145 63
145 68
145 78
145 83
145 88
145 97
145 119
145 123
145 132
145 137
145 144
145 149
145 150
145 151
145 154
145 161
145 165
145 168
145 193
145 197
145 201
145 205
145 207
145 211
145 216
145 222
145 238
145 247
145 294
145 296
146 5
146 8
146 10
146 25
146 35
146 38
146 39
146 52
146 53
146 59
146 66
146 79
146 87
146 97
146 98
146 106
146 108
146 122
146 144
146 156
146 166
146 193
146 194
146 210
146 218
146 237
146 239
146 252
146 254
146 257
146 272
146 275
146 276
147 6
147 11
147 16
147 27
147 39
147 43
147 57
147 66
147 98
147 106
147 110
147 125
147 128
147 130
147 137
147 146
147 160
147 162
147 166
147 167
147 176
147 183
147 185
147 191
147 199
147 206
147 212
147 213
147 221
147 267
147 270
147 280
147 288
147 290
148 27
148 35
148 44
148 47
148 51
148 56
148 59
148 60
148 62
148 69
148 79
148 86
148 99
148 113
148 147
148 152
148 157
148 163
148 170
148 178
148 197
148 207
148 245
148 247
148 248
148 267
148 269
148 273
148 281
149 6
149 12
149 25
149 40
149 44
149 61
149 68
149 76
149 79
149 82
149 83
149 95
149 96
149 97
149 98
149 102
149 136
149 163
149 174
149 178
149 179
149 185
149 189
149 199
149 202
149 203
149 206
149 224
149 238
149 255
149 271
149 277
149 279
149 299
150 3
150 7
150 13
150 20
150 35
150 37
150 44
150 49
150 80
150 82
150 90
150 122
150 123
150 129
150 132
150 133
150 138
150 169
150 189
150 191
150 205
150 219
150 224
150 234
150 241
150 249
150 273
150 279
150 281
150 287
150 296
151 2
151 20
151 43
151 47
151 55
151 61
151 64
151 68
151 74
151 88
151 92
151 95
151 125
151 136
151 154
151 229
151 235
151 237
151 238
151 245
151 249
151 260
151 271
151 285
151 299
152 7
152 8
152 35
152 44
152 48
152 53
152 93
152 107
152 112
152 114
152 127
152 130
152 151
152 174
152 177
152 182
152 190
152 229
152 234
152 235
152 252
152 276
152 279
152 299
153 11
153 23
153 26
153 29
153 34
153 35
153 39
153 55
153 61
153 75
153 78
153 101
153 131
153 143
153 154
153 155
153 156
153 157
153 161
153 162
153 168
153 171
153 183
153 185
153 187
153 193
153 203
153 209
153 215
153 218
153 225
153 239
153 240
153 245
153 247
153 256
153 257
153 263
153 276
153 279
153 280
153 283
153 291
154 20
154 29
154 52
154 57
154 64
154 71
154 77
154 101
154 118
154 126
154 140
154 141
154 142
154 149
154 150
154 156
154 161
154 210
154 211
154 222
154 232
154 248
154 254
154 256
154 263
154 271
154 272
154 276
154 299
155 19
155 37
155 47
155 58
155 83
155 90
155 96
155 116
155 126
155 144
155 151
155 161
155 171
155 174
155 193
155 196
155 203
155 210
155 213
155 217
155 234
155 247
155 262
155 266
155 267
155 274
155 283
155 290
156 3
156 6
156 12
156 17
156 48
156 50
156 55
156 66
156 67
156 78
156 85
156 87
156 93
156 100
156 101
156 103
156 138
156 139
156 149
156 154
156 159
156 189
156 198
156 205
156 208
156 227
156 234
156 252
156 274
156 286
156 290
156 295
157 4
157 41
157 49
157 87
157 102
157 105
157 109
157 145
157 152
157 169
157 173
157 176
157 199
157 209
157 210
157 212
157 226
157 244
157 262
157 276
157 281
157 282
157 283
158 2
158 11
158 24
158 31
158 38
158 50
158 54
158 55
158 56
158 77
158 85
158 102
158 112
158 122
158 126
158 139
158 171
158 175
158 179
158 194
158 195
158 217
158 227
158 242
158 243
158 246
158 257
158 268
158 274
158 279
159 2
159 7
159 11
159 17
159 23
159 43
159 47
159 69
159 75
159 94
159 97
159 99
159 103
159 108
159 118
159 119
159 136
159 142
159 146
159 148
159 179
159 181
159 184
159 190
159 191
159 201
159 202
159 207
159 212
159 217
159 219
159 230
159 238
159 243
159 247
159 252
159 285
159 291
159 292
160 15
160 19
160 29
160 53
160 65
160 67
160 83
160 94
160 119
160 126
160 138
160 140
160 149
160 157
160 164
160 203
160 213
160 214
160 230
160 231
160 232
160 261
160 270
160 282
160 288
161 9
161 11
161 22
161 30
161 33
161 36
161 37
161 39
161 52
161 54
161 68
161 85
161 88
161 95
161 101
161 114
161 115
161 120
161 140
161 149
161 184
161 198
161 203
161 213
161 222
161 238
161 241
161 243
161 276
161 277
161 296
162 3
162 15
162 19
162 32
162 52
162 95
162 100
162 107
162 110
162 120
162 125
162 144
162 145
162 146
162 147
162 154
162 160
162 161
162 181
162 200
162 201
162 202
162 209
162 230
162 232
162 247
162 252
162 256
162 270
162 278
162 287
162 292
162 297
163 37
163 64
163 83
163 119
163 126
163 130
163 131
163 148
163 170
163 174
163 175
163 185
163 188
163 195
163 218
163 243
163 247
163 253
163 257
163 260
163 288
163 293
163 295
164 22
164 29
164 30
164 44
164 74
164 89
164 93
164 101
164 107
164 109
164 116
164 126
164 132
164 134
164 135
164 136
164 141
164 149
164 153
164 162
164 177
164 187
164 189
164 193
164 196
164 213
164 227
164 231
164 243
164 248
164 256
164 260
165 25
165 38
165 47
165 57
165 62
165 66
165 77
165 84
165 90
165 100
165 108
165 117
165 126
165 129
165 144
165 146
165 155
165 169
165 208
165 241
165 244
165 246
165 261
165 270
165 277
165 279
166 0
166 2
166 16
166 28
166 32
166 35
166 48
166 49
166 51
166 71
166 88
166 97
166 104
166 109
166 121
166 123
166 151
166 162
166 163
166 164
166 185
166 200
166 215
166 217
166 221
166 223
166 247
166 254
166 260
166 263
166 269
166 298
167 7
167 17
167 26
167 39
167 49
167 50
167 55
167 66
167 89
167 93
167 107
167 114
167 126
167 138
167 147
167 155
167 156
167 162
167 171
167 180
167 195
167 206
167 207
167 218
167 219
167 225
167 234
167 250
167 278
168 10
168 14
168 16
168 101
168 105
168 112
168 118
168 126
168 154
168 160
168 162
168 163
168 167
168 182
168 194
168 223
168 231
168 242
168 243
168 247
168 263
168 265
168 277
168 294
168 295
168 298
169 12
169 19
169 25
169 28
169 31
169 42
169 45
169 46
169 63
169 66
169 79
169 86
169 90
169 95
169 100
169 103
169 108
169 123
169 149
169 158
169 164
169 182
169 191
169 194
169 211
169 214
169 215
169 218
169 224
169 226
169 251
169 280
170 2
170 8
170 14
170 15
170 20
170 30
170 63
170 74
170 94
170 103
170 109
170 112
170 126
170 127
170 137
170 153
170 165
170 188
170 192
170 193
170 209
170 211
170 213
170 219
170 220
170 251
170 268
170 271
170 294
170 295
171 41
171 44
171 50
171 75
171 85
171 92
171 95
171 96
171 144
171 145
171 150
171 157
171 162
171 165
171 166
171 168
171 178
171 183
171 189
171 190
171 201
171 203
171 211
171 231
171 233
171 236
171 243
171 252
172 3
172 6
172 19
172 24
172 44
172 71
172 73
172 101
172 114
172 122
172 130
172 158
172 160
172 162
172 164
172 170
172 185
172 199
172 201
172 204
172 235
172 236
172 241
172 248
172 251
172 273
172 288
173 9
173 14
173 28
173 34
173 50
173 52
173 64
173 72
173 74
173 112
173 115
173 123
173 129
173 130
173 144
173 146
173 158
173 166
173 174
173 191
173 211
173 222
173 229
173 230
173 246
173 247
173 280
173 288
173 293
174 3
174 8
174 10
174 18
174 19
174 24
174 32
174 42
174 48
174 49
174 51
174 54
174 56
174 67
174 87
174 99
174 100
174 129
174 136
174 137
174 181
174 195
174 197
174 222
174 224
174 226
174 233
174 242
174 254
174 261
174 272
174 277
174 287
175 1
175 2
175 12
175 14
175 25
175 27
175 28
175 32
175 40
175 44
175 45
175 55
175 73
175 75
175 77
175 81
175 91
175 102
175 113
175 121
175 148
175 151
175 162
175 164
175 178
175 184
175 190
175 192
175 194
175 213
175 224
175 234
175 257
175 259
175 265
175 280
175 290
175 298
175 299
176 7
176 10
176 13
176 18
176 45
176 50
176 63
176 123
176 148
176 153
176 154
176 160
176 166
176 181
176 201
176 229
176 230
176 235
176 242
176 246
176 279
176 282
176 298
177 2
177 5
177 16
177 21
177 28
177 29
177 39
177 45
177 53
177 56
177 70
177 78
177 98
177 103
177 108
177 126
177 134
177 136
177 152
177 167
177 177
177 182
177 196
177 202
177 268
177 270
177 273
177 275
177 280
177 281
177 284
177 287
177 288
178 15
178 24
178 35
178 51
178 66
178 70
178 80
178 91
178 99
178 108
178 115
178 129
178 130
178 160
178 161
178 178
178 199
178 204
178 215
178 220
178 223
178 238
178 259
178 262
178 266
178 267
178 275
178 290
178 295
179 0
179 5
179 8
179 10
179 11
179 17
179 24
179 51
179 90
179 109
179 121
179 124
179 131
179 159
179 173
179 174
179 194
179 198
179 200
179 208
179 211
179 214
179 223
179 230
179 236
179 269
179 271
179 293
180 6
180 22
180 45
180 48
180 68
180 74
180 83
180 85
180 96
180 102
180 105
180 109
180 120
180 134
180 137
180 141
180 149
180 165
180 166
180 168
180 171
180 175
180 178
180 180
180 183
180 193
180 203
180 204
180 205
180 213
180 218
180 223
180 224
180 237
180 243
180 246
180 288
180 290
180 295
181 0
181 1
181 2
181 11
181 12
181 32
181 33
181 41
181 54
181 63
181 66
181 67
181 73
181 87
181 103
181 118
181 132
181 133
181 134
181 135
181 150
181 167
181 183
181 184
181 185
181 187
181 194
181 195
181 202
181 211
181 216
181 222
181 249
181 254
181 261
181 267
181 275
181 278
181 289
181 294
182 6
182 38
182 46
182 48
182 73
182 95
182 98
182 100
182 104
182 141
182 151
182 160
182 165
182 183
182 198
182 201
182 203
182 204
182 209
182 217
182 263
182 266
182 279
182 289
183 1
183 21
183 24
183 28
183 38
183 40
183 44
183 54
183 67
183 72
183 73
183 75
183 80
183 82
183 91
183 96
183 114
183 129
183 135
183 149
183 151
183 185
183 190
183 194
183 202
183 203
183 206
183 219
183 228
183 230
183 232
183 234
183 236
183 241
183 266
183 277
183 289
184 38
184 63
184 88
184 116
184 132
184 138
184 143
184 153
184 155
184 164
184 171
184 174
184 176
184 182
184 186
184 201
184 204
184 213
184 240
184 243
184 246
184 253
184 258
184 274
184 275
184 283
184 285
184 293
185 3
185 15
185 27
185 48
185 65
185 69
185 75
185 79
185 81
185 130
185 178
185 179
185 182
185 188
185 193
185 211
185 218
185 239
185 242
185 250
185 255
185 267
185 278
185 295
186 1
186 6
186 12
186 63
186 64
186 79
186 84
186 88
186 133
186 140
186 157
186 169
186 175
186 184
186 204
186 211
186 224
186 230
186 237
186 245
186 253
186 275
186 278
186 289
187 11
187 29
187 42
187 43
187 54
187 63
187 70
187 82
187 85
187 93
187 96
187 98
187 104
187 106
187 107
187 120
187 124
187 137
187 142
187 168
187 174
187 175
187 177
187 196
187 218
187 226
187 227
187 234
187 235
187 236
187 241
187 269
187 285
187 287
187 291
187 296
188 5
188 11
188 15
188 31
188 37
188 42
188 56
188 61
188 69
188 99
188 128
188 136
188 141
188 159
188 168
188 180
188 182
188 194
188 207
188 212
188 218
188 219
188 221
188 232
188 236
188 246
188 247
188 253
188 269
188 276
188 280
188 284
188 286
188 297
189 16
189 28
189 40
189 57
189 68
189 86
189 111
189 119
189 129
189 142
189 150
189 168
189 169
189 171
189 172
189 201
189 202
189 203
189 206
189 211
189 217
189 222
189 228
189 230
189 235
189 248
189 250
189 260
189 263
189 295
190 8
190 11
190 24
190 31
190 50
190 56
190 58
190 60
190 75
190 76
190 78
190 88
190 100
190 102
190 125
190 137
190 144
190 149
190 156
190 181
190 198
190 199
190 230
190 238
190 253
190 265
190 275
190 276
190 282
190 286
191 19
191 21
191 33
191 43
191 46
191 48
191 53
191 61
191 64
191 65
191 70
191 91
191 100
191 162
191 166
191 173
191 180
191 222
191 238
191 244
191 246
191 247
191 249
191 263
191 280
191 289
191 292
191 293
192 7
192 11
192 16
192 24
192 26
192 27
192 35
192 49
192 55
192 63
192 64
192 71
192 77
192 87
192 95
192 106
192 116
192 136
192 137
192 143
192 144
192 146
192 193
192 202
192 211
192 233
192 254
192 256
192 265
192 288
192 292
192 293
193 11
193 32
193 39
193 45
193 46
193 85
193 89
193 102
193 113
193 131
193 150
193 156
193 161
193 171
193 178
193 198
193 205
193 214
193 220
193 242
193 274
193 281
193 287
193 299
194 9
194 27
194 28
194 29
194 39
194 52
194 57
194 69
194 84
194 87
194 96
194 97
194 98
194 116
194 123
194 150
194 157
194 159
194 180
194 185
194 188
194 208
194 219
194 235
194 239
194 240
194 242
194 246
194 251
194 262
194 279
194 286
194 289
194 291
195 0
195 12
195 25
195 27
195 46
195 56
195 75
195 84
195 87
195 88
195 97
195 105
195 136
195 148
195 150
195 159
195 166
195 173
195 174
195 195
195 211
195 213
195 225
195 234
195 236
195 249
195 262
195 276
195 297
196 1
196 2
196 7
196 23
196 24
196 26
196 29
196 38
196 47
196 57
196 86
196 87
196 92
196 100
196 107
196 109
196 126
196 134
196 152
196 165
196 167
196 168
196 173
196 179
196 200
196 201
196 206
196 209
196 217
196 219
196 233
196 241
196 258
196 259
196 263
196 264
196 274
196 297
197 7
197 31
197 33
197 35
197 43
197 44
197 55
197 62
197 69
197 70
197 77
197 81
197 92
197 104
197 114
197 115
197 139
197 154
197 156
197 167
197 210
197 225
197 236
197 240
197 242
197 256
197 261
197 287
197 294
198 2
198 6
198 11
198 18
198 24
198 25
198 35
198 47
198 50
198 52
198 63
198 64
198 81
198 99
198 109
198 124
198 156
198 159
198 167
198 194
198 196
198 203
198 215
198 262
198 280
198 288
199 35
199 45
199 47
199 71
199 106
199 151
199 177
199 180
199 185
199 192
199 193
199 195
199 197
199 223
199 247
199 249
199 256
199 260
199 267
199 269
199 275
199 282
199 286
200 4
200 6
200 9
200 24
200 31
200 45
200 49
200 52
200 71
200 76
200 93
200 97
200 107
200 122
200 129
200 132
200 137
200 148
200 152
200 170
200 171
200 174
200 184
200 203
200 216
200 231
200 235
200 261
200 268
200 271
200 272
201 7
201 10
201 26
201 42
201 50
201 55
201 75
201 77
201 83
201 94
201 97
201 102
201 117
201 123
201 130
201 160
201 164
201 165
201 170
201 176
201 183
201 213
201 225
201 233
201 236
201 237
201 239
201 256
201 258
201 260
201 274
201 289
202 22
202 23
202 50
202 52
202 61
202 80
202 85
202 92
202 99
202 102
202 125
202 137
202 139
202 140
202 141
202 150
202 152
202 156
202 168
202 185
202 197
202 203
202 205
202 215
202 225
202 231
202 232
202 242
202 266
202 273
202 279
202 286
202 291
202 294
202 298
203 7
203 12
203 13
203 18
203 32
203 37
203 46
203 61
203 74
203 81
203 87
203 88
203 118
203 122
203 138
203 142
203 154
203 161
203 164
203 165
203 199
203 208
203 214
203 216
203 226
203 243
203 244
203 247
203 258
203 269
203 283
204 4
204 51
204 70
204 80
204 81
204 87
204 89
204 109
204 120
204 126
204 129
204 135
204 137
204 139
204 149
204 152
204 160
204 185
204 189
204 191
204 194
204 203
204 206
204 223
204 226
204 227
204 234
204 235
204 239
204 243
204 244
204 249
204 258
204 274
204 280
204 284
204 293
205 3
205 17
205 29
205 31
205 48
205 57
205 65
205 78
205 83
205 124
205 132
205 145
205 150
205 151
205 154
205 170
205 185
205 210
205 211
205 223
205 226
205 235
205 236
205 242
205 246
205 255
205 266
205 277
205 288
205 291
205 295
205 296
206 39
206 42
206 70
206 84
206 98
206 101
206 105
206 106
206 128
206 132
206 133
206 145
206 155
206 156
206 164
206 171
206 175
206 189
206 206
206 217
206 228
206 229
206 237
206 250
206 266
207 5
207 9
207 41
207 47
207 48
207 50
207 55
207 62
207 73
207 83
207 92
207 93
207 106
207 111
207 115
207 126
207 154
207 155
207 167
207 170
207 177
207 187
207 202
207 240
207 249
207 266
207 280
207 289
208 0
208 18
208 34
208 56
208 71
208 76
208 77
208 79
208 80
208 84
208 92
208 104
208 106
208 116
208 132
208 147
208 154
208 167
208 184
208 193
208 194
208 218
208 227
208 234
208 237
208 242
208 252
208 259
208 261
208 269
208 272
208 273
208 274
208 276
208 284
209 6
209 9
209 18
209 21
209 32
209 61
209 63
209 64
209 97
209 101
209 153
209 174
209 183
209 199
209 211
209 213
209 229
209 230
209 235
209 242
209 247
209 254
209 257
209 292
210 1
210 2
210 6
210 15
210 22
210 31
210 61
210 79
210 83
210 96
210 98
210 99
210 114
210 118
210 136
210 145
210 163
210 166
210 188
210 199
210 200
210 203
210 208
210 232
210 254
210 257
210 265
210 269
210 278
210 293
210 297
210 298
211 20
211 28
211 44
211 45
211 55
211 70
211 72
211 76
211 94
211 100
211 116
211 117
211 133
211 138
211 145
211 164
211 173
211 175
211 188
211 190
211 200
211 213
211 218
211 239
211 259
211 267
211 269
211 276
211 291
211 292
212 10
212 12
212 19
212 54
212 76
212 82
212 84
212 106
212 111
212 112
212 126
212 138
212 151
212 161
212 162
212 167
212 172
212 177
212 181
212 197
212 198
212 206
212 208
212 224
212 226
212 227
212 236
212 258
212 261
212 263
212 266
212 272
212 284
213 8
213 10
213 40
213 44
213 66
213 68
213 85
213 99
213 128
213 133
213 138
213 161
213 180
213 215
213 216
213 231
213 233
213 238
213 246
213 253
213 257
213 270
213 276
213 287
214 24
214 31
214 51
214 70
214 71
214 73
214 82
214 84
214 91
214 109
214 110
214 117
214 133
214 148
214 151
214 169
214 177
214 195
214 200
214 202
214 214
214 229
214 230
214 243
214 255
214 259
214 262
214 271
214 281
214 287
214 294
215 2
215 5
215 24
215 29
215 32
215 35
215 59
215 75
215 76
215 77
215 81
215 85
215 86
215 96
215 101
215 117
215 118
215 122
215 126
215 148
215 155
215 156
215 164
215 168
215 187
215 189
215 219
215 223
215 224
215 225
215 249
215 250
215 258
215 260
215 265
215 282
216 14
216 23
216 28
216 33
216 35
216 45
216 54
216 57
216 81
216 108
216 111
216 135
216 150
216 152
216 163
216 166
216 172
216 185
216 198
216 230
216 252
216 268
216 274
216 283
216 287
216 291
216 296
217 25
217 29
217 39
217 62
217 72
217 87
217 114
217 120
217 164
217 189
217 197
217 199
217 205
217 216
217 222
217 231
217 233
217 235
217 237
217 253
217 256
217 257
217 260
217 264
217 288
217 290
217 295
218 14
218 23
218 27
218 32
218 53
218 56
218 60
218 62
218 69
218 85
218 99
218 115
218 124
218 130
218 133
218 134
218 137
218 164
218 165
218 194
218 199
218 201
218 203
218 212
218 213
218 264
218 274
218 281
218 295
218 296
219 1
219 40
219 43
219 65
219 71
219 73
219 74
219 77
219 82
219 99
219 100
219 113
219 119
219 126
219 131
219 139
219 146
219 152
219 171
219 178
219 193
219 202
219 209
219 225
219 242
219 244
219 249
219 251
219 254
219 259
219 269
219 277
220 6
220 25
220 48
220 56
220 57
220 64
220 71
220 75
220 85
220 89
220 95
220 96
220 113
220 123
220 129
220 154
220 156
220 163
220 166
220 167
220 190
220 191
220 196
220 198
220 219
220 267
220 270
220 274
220 284
220 291
221 33
221 38
221 43
221 58
221 66
221 73
221 74
221 76
221 77
221 79
221 89
221 94
221 103
221 114
221 121
221 165
221 177
221 182
221 192
221 196
221 204
221 211
221 215
221 220
221 229
221 232
221 237
221 243
221 254
221 279
221 280
221 283
221 288
222 1
222 21
222 24
222 28
222 70
222 91
222 114
222 118
222 122
222 126
222 129
222 148
222 193
222 194
222 200
222 206
222 208
222 217
222 234
222 236
222 242
222 248
222 265
222 272
222 277
222 280
223 0
223 8
223 9
223 16
223 17
223 24
223 56
223 65
223 74
223 115
223 128
223 129
223 133
223 148
223 170
223 171
223 186
223 189
223 227
223 228
223 246
223 257
223 275
223 282
224 5
224 7
224 10
224 20
224 30
224 36
224 39
224 48
224 58
224 80
224 119
224 138
224 158
224 162
224 165
224 167
224 168
224 173
224 184
224 221
224 222
224 237
224 238
224 243
224 248
224 263
224 272
224 273
225 8
225 9
225 13
225 19
225 23
225 30
225 36
225 50
225 51
225 57
225 75
225 78
225 88
225 89
225 121
225 129
225 137
225 144
225 147
225 168
225 188
225 199
225 207
225 208
225 227
225 229
225 249
225 256
225 258
225 264
225 267
225 270
225 275
225 279
225 287
226 0
226 6
226 19
226 26
226 43
226 70
226 71
226 79
226 82
226 107
226 128
226 132
226 134
226 139
226 144
226 152
226 161
226 167
226 197
226 201
226 203
226 215
226 244
226 250
226 269
226 271
226 274
226 276
226 285
226 288
226 289
226 294
227 14
227 17
227 26
227 39
227 40
227 46
227 51
227 67
227 70
227 82
227 92
227 115
227 124
227 131
227 133
227 149
227 152
227 157
227 171
227 205
227 225
227 232
227 233
227 234
227 246
227 247
227 252
227 259
227 264
227 266
227 285
227 292
227 294
227 298
228 21
228 31
228 37
228 40
228 53
228 56
228 74
228 86
228 137
228 146
228 147
228 153
228 155
228 185
228 190
228 200
228 211
228 219
228 236
228 244
228 250
228 257
228 261
228 267
228 298
229 9
229 19
229 38
229 45
229 57
229 58
229 65
229 72
229 82
229 86
229 110
229 116
229 133
229 134
229 137
229 159
229 160
229 171
229 178
229 206
229 213
229 254
229 258
229 259
229 271
229 274
229 276
229 278
229 280
229 288
230 1
230 4
230 6
230 18
230 40
230 46
230 61
230 63
230 70
230 78
230 88
230 91
230 97
230 103
230 125
230 138
230 140
230 143
230 147
230 160
230 166
230 174
230 179
230 181
230 184
230 187
230 195
230 216
230 219
230 226
230 233
230 262
230 264
230 274
230 278
230 281
230 282
230 296
231 19
231 26
231 69
231 80
231 84
231 134
231 140
231 144
231 145
231 151
231 175
231 224
231 225
231 249
231 252
231 275
232 0
232 2
232 26
232 28
232 42
232 51
232 53
232 68
232 71
232 100
232 108
232 115
232 120
232 122
232 125
232 131
232 133
232 148
232 152
232 156
232 157
232 176
232 178
232 182
232 193
232 197
232 204
232 219
232 247
232 278
232 287
233 1
233 8
233 16
233 22
233 26
233 44
233 54
233 61
233 62
233 99
233 125
233 144
233 145
233 147
233 178
233 184
233 203
233 205
233 208
233 210
233 220
233 237
233 245
233 264
233 280
234 2
234 3
234 51
234 78
234 83
234 98
234 103
234 116
234 135
234 137
234 142
234 145
234 156
234 157
234 162
234 165
234 179
234 182
234 185
234 219
234 229
234 255
234 268
234 275
234 287
235 14
235 17
235 19
235 31
235 54
235 63
235 93
235 96
235 98
235 120
235 131
235 171
235 172
235 192
235 201
235 220
235 232
235 235
235 241
235 242
235 247
235 270
235 273
235 286
236 1
236 5
236 24
236 31
236 35
236 45
236 75
236 76
236 91
236 102
236 106
236 109
236 130
236 140
236 151
236 155
236 156
236 157
236 165
236 167
236 169
236 188
236 189
236 197
236 208
236 210
236 223
236 229
236 232
236 233
236 241
236 264
236 297
236 299
237 3
237 10
237 12
237 18
237 29
237 51
237 56
237 60
237 65
237 67
237 70
237 72
237 77
237 124
237 135
237 138
237 147
237 152
237 156
237 167
237 175
237 177
237 208
237 210
237 218
237 223
237 230
237 247
237 255
237 257
237 262
237 284
237 290
237 294
238 4
238 7
238 25
238 31
238 38
238 57
238 58
238 70
238 78
238 80
238 91
238 107
238 130
238 136
238 141
238 146
238 155
238 184
238 205
238 209
238 218
238 245
238 266
238 268
238 280
238 292
239 22
239 30
239 33
239 34
239 43
239 60
239 70
239 74
239 80
239 86
239 91
239 111
239 121
239 129
239 136
239 140
239 150
239 169
239 171
239 185
239 207
239 234
239 256
239 277
239 281
239 290
240 10
240 14
240 34
240 46
240 51
240 55
240 61
240 62
240 65
240 99
240 122
240 124
240 129
240 138
240 155
240 165
240 185
240 191
240 192
240 214
240 217
240 218
240 236
240 262
240 290
240 293
241 12
241 22
241 33
241 56
241 70
241 74
241 76
241 80
241 81
241 83
241 85
241 89
241 118
241 152
241 158
241 162
241 165
241 193
241 197
241 208
241 209
241 218
241 241
241 253
241 290
242 3
242 8
242 18
242 19
242 23
242 31
242 43
242 55
242 72
242 73
242 79
242 84
242 92
242 100
242 102
242 117
242 125
242 127
242 133
242 138
242 139
242 153
242 165
242 167
242 180
242 185
242 188
242 196
242 204
242 231
242 239
242 263
242 299
243 16
243 37
243 39
243 43
243 48
243 50
243 51
243 53
243 54
243 55
243 61
243 68
243 76
243 85
243 86
243 91
243 100
243 102
243 104
243 110
243 142
243 147
243 162
243 173
243 175
243 199
243 214
243 220
243 222
243 231
243 234
243 245
243 246
243 256
243 270
243 278
243 284
244 16
244 31
244 34
244 44
244 51
244 60
244 74
244 94
244 97
244 100
244 103
244 130
244 132
244 136
244 148
244 153
244 160
244 177
244 202
244 212
244 223
244 232
244 238
244 256
244 266
244 273
244 280
245 7
245 27
245 32
245 35
245 38
245 44
245 47
245 52
245 64
245 66
245 81
245 90
245 100
245 117
245 120
245 129
245 143
245 179
245 186
245 189
245 194
245 219
245 226
245 254
245 265
245 269
245 272
245 291
246 8
246 29
246 41
246 52
246 91
246 93
246 101
246 102
246 118
246 119
246 121
246 151
246 161
246 165
246 166
246 172
246 177
246 178
246 183
246 207
246 219
246 222
246 243
246 264
246 287
247 37
247 63
247 85
247 93
247 94
247 102
247 103
247 128
247 174
247 180
247 197
247 202
247 204
247 229
247 231
247 249
247 261
247 285
247 291
248 8
248 32
248 34
248 49
248 62
248 76
248 85
248 90
248 95
248 98
248 115
248 123
248 140
248 159
248 165
248 171
248 181
248 183
248 186
248 197
248 198
248 199
248 206
248 209
248 210
248 215
248 216
248 228
248 231
248 234
248 240
248 245
248 256
248 263
248 266
248 287
248 290
248 295
249 6
249 9
249 21
249 34
249 46
249 81
249 106
249 111
249 112
249 127
249 129
249 143
249 152
249 157
249 163
249 167
249 175
249 176
249 186
249 203
249 219
249 231
249 245
249 259
249 265
249 277
249 281
250 7
250 10
250 32
250 48
250 56
250 59
250 67
250 68
250 69
250 73
250 75
250 107
250 126
250 141
250 154
250 160
250 163
250 169
250 173
250 191
250 197
250 224
250 226
250 228
250 248
250 258
250 271
250 280
250 286
250 288
251 5
251 15
251 17
251 27
251 41
251 52
251 57
251 59
251 91
251 92
251 94
251 119
251 123
251 140
251 150
251 158
251 160
251 168
251 172
251 174
251 199
251 218
251 219
251 232
251 254
251 259
251 276
251 277
251 282
251 283
251 284
251 288
251 292
252 7
252 8
252 18
252 22
252 39
252 51
252 60
252 92
252 101
252 113
252 118
252 122
252 134
252 142
252 146
252 149
252 153
252 168
252 175
252 203
252 204
252 206
252 207
252 209
252 212
252 215
252 219
252 242
252 245
252 246
252 248
252 249
252 271
252 273
252 288
253 7
253 8
253 17
253 23
253 33
253 51
253 52
253 63
253 76
253 81
253 83
253 92
253 125
253 127
253 128
253 155
253 163
253 179
253 185
253 190
253 193
253 197
253 216
253 239
253 264
253 279
253 290
253 299
254 12
254 13
254 27
254 45
254 51
254 58
254 74
254 118
254 126
254 137
254 140
254 147
254 151
254 159
254 164
254 183
254 187
254 196
254 206
254 213
254 215
254 217
254 219
254 222
254 228
254 239
254 242
254 259
254 262
254 271
254 278
254 280
254 282
254 295
255 25
255 55
255 63
255 64
255 66
255 74
255 99
255 101
255 107
255 143
255 144
255 163
255 171
255 175
255 179
255 204
255 218
255 227
255 236
255 275
255 280
255 281
256 4
256 9
256 29
256 34
256 49
256 53
256 54
256 59
256 65
256 72
256 93
256 102
256 104
256 107
256 108
256 112
256 120
256 121
256 176
256 184
256 187
256 191
256 221
256 235
256 237
256 245
256 255
256 258
256 268
256 275
256 285
256 294
257 16
257 20
257 36
257 43
257 53
257 75
257 93
257 99
257 105
257 106
257 109
257 111
257 122
257 129
257 145
257 147
257 163
257 170
257 193
257 194
257 201
257 203
257 206
257 211
257 212
257 214
257 229
257 247
257 288
257 291
257 293
258 19
258 39
258 40
258 42
258 59
258 60
258 65
258 80
258 98
258 107
258 118
258 129
258 149
258 150
258 154
258 174
258 183
258 185
258 186
258 202
258 208
258 216
258 221
258 233
258 235
258 258
258 265
258 270
258 273
258 284
258 286
259 0
259 29
259 37
259 41
259 52
259 59
259 71
259 87
259 97
259 108
259 114
259 118
259 128
259 134
259 163
259 188
259 189
259 205
259 208
259 220
259 222
259 225
259 229
259 232
259 247
259 258
259 278
259 295
259 299
260 18
260 21
260 23
260 28
260 33
260 41
260 50
260 85
260 95
260 101
260 103
260 105
260 123
260 133
260 138
260 143
260 149
260 162
260 168
260 181
260 194
260 198
260 199
260 200
260 209
260 235
260 249
260 270
260 277
260 278
260 287
261 1
261 19
261 26
261 30
261 40
261 47
261 48
261 49
261 59
261 61
261 62
261 82
261 87
261 102
261 103
261 120
261 150
261 162
261 178
261 185
261 201
261 205
261 218
261 253
261 257
261 294
261 297
262 9
262 31
262 36
262 41
262 42
262 48
262 73
262 80
262 89
262 93
262 94
262 106
262 125
262 207
262 242
262 244
262 265
262 268
262 276
262 287
262 288
263 10
263 22
263 35
263 41
263 56
263 77
263 96
263 132
263 134
263 142
263 166
263 179
263 186
263 191
263 219
263 222
263 230
263 236
263 243
263 261
263 272
263 282
263 286
263 291
263 295
263 298
264 18
264 42
264 48
264 76
264 96
264 97
264 133
264 150
264 157
264 167
264 174
264 197
264 207
264 208
264 219
264 234
264 235
264 268
264 272
264 282
265 7
265 15
265 29
265 32
265 33
265 67
265 85
265 88
265 94
265 96
265 102
265 107
265 112
265 168
265 170
265 178
265 188
265 194
265 201
265 203
265 218
265 222
265 244
265 254
265 270
265 271
265 277
265 283
265 288
266 10
266 13
266 22
266 29
266 53
266 61
266 82
266 86
266 97
266 114
266 131
266 132
266 137
266 167
266 220
266 231
266 241
266 247
266 257
266 261
266 264
266 268
266 281
266 284
267 3
267 22
267 30
267 60
267 80
267 90
267 95
267 97
267 108
267 112
267 125
267 129
267 135
267 144
267 151
267 162
267 178
267 181
267 187
267 196
267 207
267 210
267 234
267 241
267 291
268 9
268 11
268 14
268 23
268 50
268 53
268 61
268 62
268 63
268 66
268 78
268 80
268 92
268 93
268 95
268 107
268 112
268 130
268 136
268 141
268 145
268 148
268 175
268 176
268 186
268 188
268 191
268 208
268 252
268 258
268 265
268 269
268 271
268 277
268 292
269 1
269 8
269 13
269 18
269 22
269 24
269 31
269 32
269 57
269 63
269 79
269 81
269 88
269 89
269 115
269 119
269 148
269 151
269 158
269 194
269 220
269 224
269 226
269 232
269 249
269 265
269 266
269 270
269 281
269 282
270 11
270 14
270 16
270 19
270 21
270 22
270 29
270 35
270 53
270 54
270 65
270 73
270 100
270 101
270 103
270 106
270 116
270 122
270 129
270 131
270 136
270 138
270 161
270 162
270 163
270 186
270 189
270 194
270 229
270 241
270 254
270 259
270 264
270 283
270 284
270 295
271 6
271 45
271 46
271 50
271 56
271 58
271 68
271 78
271 84
271 91
271 101
271 109
271 115
271 120
271 123
271 160
271 162
271 171
271 182
271 191
271 198
271 215
271 216
271 242
272 14
272 18
272 21
272 23
272 36
272 37
272 43
272 49
272 62
272 70
272 75
272 77
272 87
272 150
272 160
272 161
272 167
272 176
272 177
272 218
272 219
272 227
272 239
272 241
272 242
272 246
272 283
272 285
273 2
273 24
273 27
273 39
273 43
273 44
273 48
273 76
273 81
273 85
273 86
273 94
273 102
273 118
273 122
273 137
273 140
273 145
273 149
273 182
273 191
273 193
273 195
273 200
273 241
273 294
273 299
274 12
274 17
274 32
274 47
274 55
274 57
274 69
274 76
274 78
274 88
274 116
274 121
274 126
274 143
274 160
274 167
274 178
274 182
274 188
274 201
274 203
274 216
274 219
274 222
274 237
274 259
274 272
274 280
275 20
275 23
275 24
275 26
275 38
275 43
275 58
275 73
275 91
275 128
275 131
275 153
275 154
275 157
275 161
275 168
275 169
275 178
275 180
275 182
275 187
275 203
275 210
275 225
275 237
275 244
275 247
275 262
275 281
276 7
276 17
276 18
276 21
276 42
276 58
276 70
276 90
276 110
276 117
276 125
276 156
276 174
276 185
276 187
276 202
276 208
276 212
276 269
276 278
276 286
276 291
277 1
277 3
277 5
277 21
277 40
277 43
277 72
277 73
277 77
277 78
277 83
277 86
277 88
277 96
277 98
277 105
277 110
277 115
277 131
277 140
277 145
277 154
277 174
277 187
277 192
277 196
277 197
277 205
277 230
277 233
277 242
277 245
277 258
277 274
278 2
278 10
278 18
278 42
278 46
278 51
278 56
278 57
278 65
278 69
278 97
278 103
278 121
278 138
278 161
278 168
278 172
278 176
278 184
278 198
278 200
278 203
278 205
278 210
278 218
278 219
278 231
278 246
278 276
278 277
279 8
279 15
279 24
279 36
279 43
279 55
279 68
279 69
279 74
279 81
279 84
279 101
279 116
279 148
279 149
279 150
279 152
279 153
279 170
279 172
279 185
279 216
279 223
279 255
279 263
279 268
279 276
279 292
279 297
279 299
280 10
280 12
280 26
280 47
280 52
280 57
280 59
280 66
280 78
280 80
280 84
280 102
280 114
280 135
280 149
280 153
280 162
280 172
280 175
280 184
280 188
280 190
280 193
280 216
280 225
280 231
280 238
280 250
280 251
280 258
280 271
280 280
280 290
280 292
280 294
281 6
281 26
281 33
281 34
281 58
281 75
281 79
281 83
281 104
281 110
281 116
281 117
281 162
281 168
281 182
281 196
281 227
281 229
281 231
281 236
281 238
281 239
281 253
281 264
281 266
281 267
281 289
282 7
282 24
282 28
282 37
282 67
282 70
282 71
282 74
282 81
282 105
282 115
282 129
282 130
282 152
282 175
282 180
282 183
282 195
282 199
282 200
282 210
282 244
282 260
282 277
283 12
283 26
283 31
283 46
283 55
283 67
283 72
283 83
283 97
283 107
283 115
283 117
283 118
283 119
283 147
283 149
283 154
283 164
283 168
283 171
283 189
283 199
283 202
283 227
283 234
283 236
283 245
283 270
283 280
284 6
284 7
284 18
284 19
284 20
284 36
284 38
284 73
284 86
284 88
284 102
284 108
284 124
284 128
284 162
284 163
284 167
284 171
284 175
284 181
284 185
284 201
284 242
284 247
284 252
284 262
284 270
284 274
284 295
285 12
285 13
285 19
285 35
285 38
285 67
285 69
285 91
285 127
285 145
285 148
285 162
285 165
285 172
285 173
285 177
285 181
285 185
285 199
285 203
285 226
285 228
285 230
285 247
285 265
285 275
285 295
286 1
286 7
286 13
286 33
286 36
286 44
286 48
286 61
286 75
286 92
286 112
286 140
286 151
286 156
286 180
286 188
286 192
286 206
286 207
286 216
286 217
286 221
286 225
286 252
286 258
286 259
286 263
286 281
286 294
287 14
287 16
287 31
287 42
287 45
287 57
287 59
287 96
287 104
287 126
287 151
287 153
287 159
287 169
287 178
287 187
287 196
287 205
287 254
287 264
287 271
287 272
287 276
287 280
287 288
288 1
288 24
288 48
288 66
288 67
288 70
288 72
288 89
288 90
288 111
288 140
288 145
288 157
288 164
288 166
288 172
288 187
288 211
288 214
288 249
288 252
288 276
288 281
289 1
289 29
289 35
289 45
289 49
289 54
289 64
289 76
289 80
289 89
289 92
289 93
289 107
289 115
289 116
289 117
289 120
289 148
289 163
289 165
289 169
289 186
289 196
289 215
289 228
289 241
289 254
289 258
289 269
289 271
289 275
289 277
289 280
289 286
289 290
290 15
290 19
290 25
290 29
290 56
290 66
290 83
290 89
290 91
290 103
290 110
290 112
290 118
290 127
290 135
290 136
290 147
290 152
290 157
290 166
290 181
290 189
290 226
290 227
290 243
290 249
290 251
290 275
290 289
290 292
291 21
291 23
291 27
291 43
291 50
291 55
291 56
291 60
291 82
291 128
291 133
291 140
291 152
291 156
291 158
291 161
291 164
291 186
291 207
291 211
291 222
291 226
291 234
291 241
291 243
291 256
291 263
291 265
291 269
291 278
291 291
291 293
291 299
292 5
292 9
292 16
292 18
292 22
292 36
292 46
292 82
292 86
292 88
292 89
292 100
292 106
292 119
292 124
292 127
292 128
292 129
292 134
292 158
292 169
292 182
292 184
292 185
292 193
292 210
292 236
292 245
292 264
292 281
292 283
292 285
293 3
293 4
293 25
293 33
293 42
293 65
293 91
293 104
293 112
293 126
293 128
293 131
293 171
293 179
293 182
293 186
293 190
293 195
293 205
293 209
293 219
293 220
293 221
293 228
293 252
293 268
293 279
293 288
293 292
294 59
294 76
294 81
294 82
294 91
294 100
294 101
294 107
294 119
294 130
294 168
294 183
294 187
294 191
294 229
294 239
294 241
294 251
295 22
295 38
295 41
295 42
295 52
295 61
295 75
295 86
295 88
295 94
295 97
295 115
295 117
295 118
295 121
295 129
295 133
295 134
295 154
295 175
295 177
295 188
295 190
295 192
295 215
295 227
295 231
295 240
295 259
295 280
295 286
295 290
296 4
296 25
296 45
296 51
296 59
296 61
296 66
296 101
296 112
296 115
296 125
296 140
296 143
296 155
296 157
296 169
296 170
296 177
296 180
296 191
296 210
296 223
296 231
296 235
296 242
296 243
296 244
296 257
296 279
296 288
296 290
296 296
297 3
297 15
297 17
297 45
297 53
297 76
297 82
297 91
297 124
297 127
297 144
297 145
297 157
297 162
297 163
297 175
297 177
297 182
297 183
297 187
297 205
297 207
297 230
297 231
297 249
297 261
297 268
297 292
298 3
298 15
298 30
298 49
298 51
298 55
298 59
298 65
298 73
298 94
298 103
298 123
298 127
298 135
298 142
298 147
298 191
298 195
298 218
298 224
298 226
298 230
298 233
298 242
298 258
298 259
298 260
298 272
298 277
298 278
298 282
298 283
298 298
299 11
299 16
299 23
299 26
299 45
299 46
299 47
299 49
299 69
299 78
299 81
299 85
299 88
299 90
299 106
299 118
299 122
299 154
299 164
299 169
299 175
299 181
299 194
299 197
299 199
299 201
299 202
299 211
299 212
299 254
299 261
299 283
299 293
299 294
