1 0.0935858950722033
2 0
3 0.0824712543048876
4 0.03980121073037181
5 0.1255079921448423
6 0.029312452147450464
7 0.13858108265885016
8 0.21775740894393164
9 0.1743253531102519
10 0.14405442237053953
11 0.12389671662434078
12 0.21371039243900458
13 0.07846194668621331
14 0.09259699694296855
15 0.007688773365383072
16 0.026369339306011506
17 0.18919991400085656
18 0.1171062287047663
19 0.024943244545167553
20 0.2811145661842931
21 0.2678702219264744
22 0.18776907310232147
23 0.24862884864478774
24 0.2026182947505985
25 0.19230777161338633
26 0.0920752138354851
27 0
28 0.1864208233463928
29 0.2328697728186245
30 0
31 0.21729703815569057
32 0
33 0.2839094537661457
34 0.18742258196428627
35 0.19986767491257137
36 0
37 0.17206203446419857
38 0.03414989381063164
39 0.21577895695347166
40 0.02901682514813143
41 0
42 0.23199284402156037
43 0.15992059810960263
44 0.014148776370822591
45 0.06578504097581939
46 0.1787110737026236
47 0
48 0.2562574484892722
49 0.05940749085041867
50 0
51 0.28389932456659883
52 0.14167456262459455
53 0.04186788443971703
54 0.09655936765367133
55 0.28383732520932786
56 0.29144296855563495
57 0.011031332401657722
58 0.18325639951707193
59 0
60 0.11274551276031902
61 0.28813069486010606
62 0.2917175005555587
63 0.2165048523947057
64 0.040304513444235905
65 0.22997481163110473
66 0.2087149792359671
67 0.15754916390786622
68 0.21367281947476513
69 0.16961192803174308
70 0.17837259816712714
71 0.08122739074038834
72 0.2911739912308464
73 0.13985004705655785
74 0.2498400724114541
75 0.13548606979859606
76 0.1827159749533097
77 0.1881849564857013
78 0.015180997930738172
79 0.17022786607965906
80 0.21304158039935592
81 0.26847744753592956
82 0.18695808384701984
83 0.07802972594395148
84 0.07970972668927796
85 0.05360251401795797
86 0.1967677633618547
87 0.26293686889869994
88 0.11142741949769315
89 0.17137236286927288
90 0
91 0.08783709018721969
92 0.07879395215435586
93 0.14842831779021656
94 0.14762281438050956
95 0.24923751075584455
96 0.2988253579288273
97 0.1207924908043335
98 0
99 0.14024162178415683
100 0.06496968276557039
101 0.12666322884560302
102 0.2572604766921941
103 0.018484751360398354
104 0
105 0.019962384369399355
106 0.1985476808422257
107 0.26760799358980814
108 0.04366599648773478
109 0.04268455454526886
110 0.12976737725153212
111 0.18612285867366934
112 0.2060200355183542
113 0.06504861688335349
114 0.029062173703419326
115 0.2266278599711016
116 0
117 0.016175771838881393
118 0.29740350112137987
119 0.20532888137616995
120 0
121 0.264883369203141
122 0.1434356428416938
123 0.2953181175898622
124 0.1301794113261222
125 0.11574521542513218
126 0.031385410980345765
127 0.08016681137410238
128 0.2620391099738815
129 0.20864283829713423
130 0.1526962880380842
131 0.05973531020507977
132 0.24230928843696647
133 0.028168564653464068
134 0.031067947985661426
135 0.09110698508965595
136 0.11173864981044708
137 0
138 0
139 0.26808633795950826
140 0.24779684554127795
141 0.2549098059127008
142 0.046518855171518755
143 0.14457727678632765
144 0.27499285866458967
145 0.058629951130502886
146 0
147 0.21540612645876478
148 0.06802438126164179
149 0.2901421291122086
150 0.05480726105632772
151 0.2129251362583267
152 0
153 0.17354480561942132
154 0.2536319022071624
155 0.03404879936520653
156 0.2360048531954074
157 0.26157711189500216
158 0.09794800016487727
159 0.17066357232587157
160 0.27733360630858644
161 0.13898100990804996
162 0.16569794936325713
163 0.007209085817450544
164 0.21558944988170178
165 0.21345250356555212
166 0.15440700250539113
167 0
168 0
169 0.27962281618081575
170 0
171 0.22746355660578157
172 0.25288034103903173
173 0.17033529020935506
174 0.16127646114258398
175 0.07903114659972395
176 0.06931137610248178
177 0.20736461499347505
178 0.17337729237206284
179 0.019976858205278416
180 0.282787123259913
181 0.12428309587210724
182 0
183 0
184 0.28694130061212547
185 0.20336972561737965
186 0
187 0.20725019886548413
188 0.1700563972324017
189 0.24604578471695002
190 0
191 0.2585507266464433
192 0.0383103853292294
193 0.07164573035035132
194 0.19248662108293002
195 0.2065856509899772
196 0.1591013884218447
197 0.05261457074844114
198 0.075071984776637
199 0.13050906396850637
200 0.05197526679594091
201 0.20357503880210606
202 0.19122209809176713
203 0.1833731233655158
204 0.03183072342695763
205 0
206 0
207 0.07927158146912552
208 0.03916849043534141
209 0.28514891721268054
210 0.14635431242270355
211 0.05879592396848534
212 0.27012171135401186
213 0.0354303815206505
214 0.046538234493365846
215 0.0948138445679208
216 0.15009543490326768
217 0
218 0.16873395989593343
219 0.24994657848769172
220 0.060978918443078456
221 0.08692431206090553
222 0.17430758514320518
223 0.10046940968672942
224 0.08452172071166787
225 0.1058328558269201
226 0
227 0.1193524551257514
228 0.054640850633869184
229 0.0920543940483862
230 0.26366735635588096
231 0.18271378405880492
232 0.09578048850392372
233 0
234 0.05906548270862603
235 0.07855251144334884
236 0.07190821619114582
237 0.2374594450704183
238 0.12410377891366257
239 0.011604169622164495
240 0.10889093398983105
241 0.14672656350566352
242 0.10984917723585538
243 0
244 0.1888865712401485
245 0
246 0.03642985184626537
247 0.27912687217892274
248 0.08739873585028043
249 0.008640251374185814
250 0.015408566290435965
251 0.0009679155573425469
252 0.19836588169990682
253 0.22653524855812876
254 0
255 0.07632541858335257
256 0.055084564020135514
257 0.030397845056513162
258 0.04454179411037349
259 0
260 0
261 0.18537537960963338
262 0.2087202800769794
263 0
264 0.24465945877183046
265 0.18625030116053487
266 0.04862749953925525
267 0.0033481916101047006
268 0.1375947667590591
269 0
270 0.22305523633865657
271 0.2447466528808901
272 0.22118656378533968
273 0.04470321481065892
274 0.15562490425667502
275 0.09104785411016697
276 0.05855208941885078
277 0.08074952772548977
278 0.022490290793708467
279 0.19291542985229657
280 0
281 0.14778354711359526
282 0.055944133939716645
283 0.1756564824419049
284 0.08786259772077651
285 0.18328243562326652
286 0.2617559828353507
287 0.10232322836866695
288 0.13740224269660167
289 0.022674421199075243
290 0.15544732232514522
291 0.12409586036928254
292 0.24975996693170768
293 0.255956283441329
294 0.16482720906290355
295 0.06263553339770866
296 0.2560388326276653
297 0.06736713643009477
298 0.11598002367894006
299 0.21080020040575603
300 0.2595574004561706
