0 6,0.025
0 19,0.13333333333333333
0 22,0.14166666666666666
0 24,0.125
0 25,0.125
0 29,0.05
0 30,0.16666666666666666
0 39,0.041666666666666664
0 40,0.14166666666666666
0 88,0.05
1 235,0.2
1 236,0.2
1 244,0.2
1 254,0.1
1 275,0.2
1 342,0.1
2 6,0.05643564356435644
2 31,0.0900990099009901
2 32,0.00891089108910891
2 37,0.08118811881188119
2 93,0.09702970297029703
2 119,0.07920792079207921
2 122,0.07722772277227723
2 123,0.08811881188118811
2 146,0.09405940594059406
2 147,0.026732673267326732
2 148,0.14653465346534653
2 149,0.031683168316831684
2 150,0.0019801980198019802
2 156,0.01881188118811881
2 163,0.0009900990099009901
2 173,0.0039603960396039604
2 174,0.0009900990099009901
2 175,0.0009900990099009901
2 176,0.027722772277227723
2 178,0.0019801980198019802
2 179,0.0049504950495049506
2 202,0.0009900990099009901
2 204,0.009900990099009901
2 205,0.0019801980198019802
2 206,0.0019801980198019802
2 207,0.0009900990099009901
2 241,0.039603960396039604
2 264,0.0049504950495049506
3 5,0.1
3 6,0.2
3 23,0.1
3 28,0.1
3 47,0.2
3 48,0.1
3 82,0.2
4 6,0.1
4 7,0.1
4 81,0.1
4 83,0.2
4 115,0.1
4 120,0.1
4 157,0.1
4 181,0.1
4 305,0.1
5 3,0.2
5 6,0.2
5 23,0.1
5 47,0.2
5 48,0.1
5 82,0.2
6 0,0.007058823529411765
6 2,0.13411764705882354
6 3,0.009411764705882352
6 4,0.002352941176470588
6 5,0.004705882352941176
6 8,0.002352941176470588
6 19,0.007058823529411765
6 23,0.004705882352941176
6 24,0.007058823529411765
6 25,0.004705882352941176
6 28,0.004705882352941176
6 29,0.002352941176470588
6 30,0.007058823529411765
6 31,0.0988235294117647
6 37,0.08941176470588236
6 41,0.002352941176470588
6 47,0.009411764705882352
6 48,0.004705882352941176
6 81,0.002352941176470588
6 82,0.009411764705882352
6 83,0.004705882352941176
6 88,0.002352941176470588
6 93,0.07764705882352942
6 95,0.002352941176470588
6 113,0.002352941176470588
6 122,0.07294117647058823
6 123,0.08235294117647059
6 146,0.09176470588235294
6 148,0.1223529411764706
6 149,0.03529411764705882
6 157,0.004705882352941176
6 163,0.002352941176470588
6 173,0.004705882352941176
6 175,0.002352941176470588
6 176,0.02588235294117647
6 177,0.002352941176470588
6 179,0.007058823529411765
6 206,0.004705882352941176
6 207,0.002352941176470588
6 241,0.02588235294117647
6 249,0.002352941176470588
6 274,0.002352941176470588
6 305,0.002352941176470588
6 315,0.002352941176470588
7 4,0.2
7 83,0.2
7 115,0.2
7 120,0.2
7 181,0.2
8 6,0.1
8 22,0.1
8 24,0.2
8 26,0.1
8 41,0.2
8 113,0.2
8 249,0.1
9 34,0.2
9 84,0.1
9 85,0.2
9 114,0.2
9 252,0.2
9 320,0.1
10 11,0.16
10 74,0.16
10 309,0.16
10 310,0.16
10 311,0.09
10 312,0.09
10 313,0.09
10 314,0.09
11 10,0.16
11 74,0.16
11 309,0.16
11 310,0.16
11 311,0.09
11 312,0.09
11 313,0.09
11 314,0.09
12 13,0.03640960809102402
12 18,0.10973451327433628
12 20,0.002781289506953224
12 45,0.0012642225031605564
12 46,0.12667509481668773
12 53,0.10973451327433628
12 56,0.0015170670037926676
12 62,0.0005056890012642225
12 75,0.005309734513274336
12 89,0.002781289506953224
12 92,0.10265486725663717
12 98,0.008596713021491783
12 99,0.004804045512010114
12 118,0.004804045512010114
12 124,0.0012642225031605564
12 126,0.0005056890012642225
12 128,0.00025284450063211124
12 130,0.0015170670037926676
12 132,0.027054361567635903
12 133,0.09633375474083439
12 135,0.08091024020227561
12 136,0.0017699115044247787
12 137,0.00025284450063211124
12 139,0.10139064475347662
12 158,0.011378002528445006
12 187,0.00809102402022756
12 188,0.0037926675094816687
12 189,0.014664981036662453
12 191,0.035903919089759796
12 194,0.002275600505689001
12 195,0.00025284450063211124
12 197,0.011378002528445006
12 198,0.011378002528445006
12 199,0.0012642225031605564
12 200,0.0005056890012642225
12 220,0.0012642225031605564
12 221,0.0012642225031605564
12 222,0.004804045512010114
12 223,0.0025284450063211127
12 224,0.0005056890012642225
12 226,0.00025284450063211124
12 229,0.0037926675094816687
12 231,0.0012642225031605564
12 238,0.012642225031605562
12 239,0.00025284450063211124
12 247,0.00025284450063211124
12 269,0.004804045512010114
12 271,0.0017699115044247787
12 283,0.0007585335018963338
12 284,0.011630847029077117
12 289,0.0005056890012642225
12 292,0.0015170670037926676
12 293,0.0015170670037926676
12 295,0.00025284450063211124
12 296,0.00025284450063211124
12 298,0.0015170670037926676
12 299,0.0012642225031605564
12 300,0.0037926675094816687
12 301,0.00025284450063211124
12 302,0.0015170670037926676
12 303,0.00025284450063211124
12 307,0.0012642225031605564
12 308,0.00025284450063211124
12 323,0.004804045512010114
12 324,0.00025284450063211124
12 326,0.0012642225031605564
12 327,0.00025284450063211124
12 328,0.00025284450063211124
12 329,0.00025284450063211124
12 330,0.00025284450063211124
12 331,0.00025284450063211124
12 332,0.00025284450063211124
12 333,0.0005056890012642225
13 12,0.030868167202572346
13 18,0.11982851018220793
13 20,0.012647374062165059
13 46,0.10310825294748124
13 50,0.05830653804930332
13 53,0.05551982851018221
13 57,0.007288317256162915
13 58,0.030439442658092175
13 59,0.036870310825294746
13 60,0.008788853161843515
13 62,0.00021436227224008573
13 75,0.0034297963558413717
13 90,0.01864951768488746
13 94,0.05959271168274384
13 98,0.006430868167202572
13 99,0.0053590568060021436
13 118,0.0010718113612004287
13 126,0.00042872454448017146
13 130,0.00042872454448017146
13 132,0.022936763129689175
13 133,0.07159699892818863
13 134,0.04458735262593783
13 135,0.11554126473740621
13 137,0.00042872454448017146
13 158,0.010503751339764202
13 161,0.00021436227224008573
13 187,0.0036441586280814577
13 189,0.03022508038585209
13 190,0.03236870310825295
13 191,0.057020364415862806
13 192,0.0015005359056806003
13 197,0.00857449088960343
13 198,0.017363344051446947
13 200,0.00021436227224008573
13 222,0.004930332261521972
13 223,0.00021436227224008573
13 225,0.0012861736334405145
13 228,0.00021436227224008573
13 238,0.006859592711682743
13 269,0.0012861736334405145
13 271,0.00021436227224008573
13 284,0.004930332261521972
13 293,0.00042872454448017146
13 298,0.00021436227224008573
13 302,0.00021436227224008573
13 308,0.00021436227224008573
13 323,0.0027867095391211146
13 333,0.00021436227224008573
14 15,0.2
14 16,0.2
14 170,0.2
14 201,0.2
14 233,0.2
15 14,0.2
15 16,0.2
15 170,0.2
15 201,0.2
15 233,0.2
16 14,0.2
16 15,0.2
16 170,0.2
16 201,0.2
16 233,0.2
17 38,0.09230769230769231
17 49,0.07692307692307693
17 64,0.09230769230769231
17 65,0.008391608391608392
17 66,0.13146853146853146
17 67,0.008391608391608392
17 69,0.006993006993006993
17 70,0.0993006993006993
17 71,0.12307692307692308
17 91,0.012587412587412588
17 117,0.027972027972027972
17 132,0.0965034965034965
17 171,0.006993006993006993
17 209,0.0013986013986013986
17 210,0.002797202797202797
17 211,0.0013986013986013986
17 212,0.1006993006993007
17 213,0.04895104895104895
17 214,0.002797202797202797
17 215,0.008391608391608392
17 216,0.05034965034965035
18 12,0.02546201232032854
18 13,0.032795541214432386
18 20,0.009738926371369904
18 46,0.09193311821648577
18 50,0.05315341742446465
18 53,0.05156937518333822
18 58,0.023173951305368142
18 59,0.027222059254913465
18 60,0.01097095922557935
18 62,0.00011733646230566149
18 75,0.003402757406864183
18 90,0.01971252566735113
18 92,0.07703138750366677
18 94,0.05426811381636844
18 97,0.011616309768260486
18 98,0.006629510120269874
18 99,0.004693458492226459
18 118,0.0011733646230566149
18 124,0.0002933411557641537
18 126,0.0002933411557641537
18 127,0.0018773833968905838
18 128,0.00011733646230566149
18 130,0.000704018773833969
18 131,0.0005866823115283074
18 132,0.017717805808154883
18 133,0.057377530067468464
18 134,0.043825168671164566
18 135,0.09363449691991786
18 137,0.00011733646230566149
18 139,0.07738339689058375
18 158,0.009680258140217073
18 188,0.0042827808741566446
18 189,0.022645937224992665
18 190,0.030624816661777646
18 191,0.04458785567615137
18 193,0.0030507480199471987
18 195,0.00017600469345849224
18 196,0.027280727486066296
18 197,0.009386916984452919
18 198,0.014725726019360516
18 199,0.00046934584922264595
18 220,0.0002933411557641537
18 222,0.004165444411850983
18 225,0.0017600469345849222
18 229,0.00880023467292461
18 231,0.00046934584922264595
18 237,0.0002933411557641537
18 238,0.005925491346435905
18 247,5.8668231152830744e-05
18 269,0.001408037547667938
18 271,0.0003520093869169845
18 273,5.8668231152830744e-05
18 283,0.0005866823115283074
18 284,0.0043414491053094745
18 289,5.8668231152830744e-05
18 292,0.0003520093869169845
18 293,0.000704018773833969
18 297,5.8668231152830744e-05
18 299,0.0002933411557641537
18 300,0.0012320328542094457
18 301,5.8668231152830744e-05
18 308,5.8668231152830744e-05
18 319,0.00011733646230566149
18 323,0.0026400704018773834
18 326,0.0002933411557641537
18 333,0.00011733646230566149
19 0,0.16
19 6,0.03
19 22,0.14
19 24,0.12
19 25,0.11
19 29,0.06
19 30,0.16
19 40,0.14
19 48,0.01
19 88,0.07
20 12,0.007829181494661922
20 13,0.04199288256227758
20 18,0.11814946619217082
20 50,0.06120996441281139
20 51,0.0099644128113879
20 58,0.06975088967971531
20 59,0.04697508896797153
20 90,0.01708185053380783
20 92,0.09893238434163701
20 94,0.100355871886121
20 133,0.060498220640569395
20 134,0.06263345195729537
20 135,0.12740213523131672
20 139,0.0911032028469751
20 190,0.07259786476868327
20 192,0.0014234875444839859
20 238,0.012099644128113879
21 162,0.1
21 217,0.2
21 218,0.2
21 219,0.1
21 261,0.2
21 262,0.2
22 0,0.12142857142857143
22 8,0.007142857142857143
22 19,0.1
22 24,0.1357142857142857
22 25,0.12857142857142856
22 26,0.014285714285714285
22 29,0.04285714285714286
22 30,0.12857142857142856
22 36,0.02857142857142857
22 39,0.04285714285714286
22 40,0.15714285714285714
22 41,0.014285714285714285
22 42,0.02142857142857143
22 48,0.007142857142857143
22 88,0.04285714285714286
22 113,0.007142857142857143
23 3,0.2
23 5,0.1
23 6,0.2
23 28,0.1
23 47,0.2
23 82,0.2
24 0,0.0967741935483871
24 6,0.01935483870967742
24 8,0.012903225806451613
24 19,0.07741935483870968
24 22,0.12258064516129032
24 25,0.09032258064516129
24 26,0.05161290322580645
24 30,0.1032258064516129
24 33,0.03870967741935484
24 36,0.01935483870967742
24 39,0.03870967741935484
24 40,0.10967741935483871
24 41,0.01935483870967742
24 42,0.025806451612903226
24 48,0.0064516129032258064
24 88,0.04516129032258064
24 100,0.0064516129032258064
24 113,0.012903225806451613
24 129,0.0064516129032258064
24 232,0.01935483870967742
24 249,0.0064516129032258064
24 253,0.01935483870967742
24 257,0.012903225806451613
24 258,0.03225806451612903
24 259,0.0064516129032258064
25 0,0.13043478260869565
25 6,0.017391304347826087
25 19,0.09565217391304348
25 22,0.1565217391304348
25 24,0.12173913043478261
25 26,0.008695652173913044
25 29,0.06086956521739131
25 30,0.1391304347826087
25 36,0.034782608695652174
25 39,0.05217391304347826
25 40,0.14782608695652175
25 41,0.008695652173913044
25 42,0.02608695652173913
26 8,0.025
26 22,0.05
26 24,0.2
26 25,0.025
26 33,0.15
26 36,0.025
26 41,0.025
26 42,0.075
26 100,0.025
26 113,0.025
26 129,0.025
26 232,0.075
26 253,0.075
26 257,0.05
26 258,0.125
26 259,0.025
27 166,0.08333333333333333
27 243,0.08333333333333333
27 245,0.1388888888888889
27 246,0.1388888888888889
27 263,0.1388888888888889
27 276,0.1388888888888889
27 278,0.1388888888888889
27 282,0.1388888888888889
28 3,0.2
28 6,0.2
28 23,0.1
28 47,0.2
28 48,0.1
28 82,0.2
29 0,0.0375
29 6,0.00625
29 19,0.0375
29 22,0.0375
29 25,0.04375
29 30,0.0375
29 36,0.00625
29 40,0.0375
29 42,0.00625
29 49,0.00625
29 64,0.0125
29 68,0.10625
29 70,0.0125
29 71,0.0625
29 91,0.0375
29 117,0.1
29 132,0.13125
29 171,0.03125
29 209,0.03125
29 210,0.01875
29 211,0.0125
29 214,0.03125
29 215,0.03125
29 216,0.11875
29 341,0.00625
30 0,0.16
30 6,0.024
30 19,0.128
30 22,0.144
30 24,0.128
30 25,0.128
30 29,0.048
30 39,0.04
30 40,0.144
30 41,0.008
30 88,0.048
31 2,0.14677419354838708
31 6,0.06774193548387097
31 32,0.00967741935483871
31 37,0.09516129032258064
31 93,0.08387096774193549
31 119,0.07096774193548387
31 122,0.07903225806451612
31 123,0.08387096774193549
31 146,0.11129032258064517
31 147,0.02903225806451613
31 148,0.14193548387096774
31 149,0.03064516129032258
31 150,0.0032258064516129032
31 163,0.0016129032258064516
31 176,0.03870967741935484
31 205,0.0032258064516129032
31 206,0.0032258064516129032
32 2,0.18
32 31,0.12
32 93,0.16
32 119,0.16
32 146,0.12
32 148,0.18
32 149,0.02
32 156,0.02
32 179,0.02
32 204,0.02
33 24,0.2
33 26,0.2
33 42,0.06666666666666667
33 100,0.03333333333333333
33 129,0.03333333333333333
33 232,0.1
33 253,0.1
33 257,0.06666666666666667
33 258,0.16666666666666666
33 259,0.03333333333333333
34 9,0.2
34 84,0.1
34 85,0.2
34 114,0.2
34 252,0.2
34 320,0.1
35 41,0.2
35 63,0.2
35 72,0.2
35 79,0.2
35 112,0.2
36 22,0.2
36 24,0.15
36 25,0.2
36 26,0.05
36 29,0.05
36 39,0.05
36 40,0.15
36 42,0.15
37 2,0.14909090909090908
37 6,0.06909090909090909
37 31,0.10727272727272727
37 93,0.10181818181818182
37 119,0.08
37 122,0.08363636363636363
37 123,0.08545454545454545
37 146,0.0890909090909091
37 148,0.13454545454545455
37 149,0.04
37 150,0.0018181818181818182
37 156,0.016363636363636365
37 163,0.0018181818181818182
37 173,0.007272727272727273
37 174,0.0018181818181818182
37 175,0.0018181818181818182
37 178,0.0036363636363636364
37 202,0.0018181818181818182
37 204,0.016363636363636365
37 205,0.0036363636363636364
37 206,0.0036363636363636364
38 17,0.11785714285714285
38 49,0.09821428571428571
38 64,0.10714285714285714
38 66,0.125
38 67,0.0017857142857142857
38 70,0.11607142857142858
38 71,0.125
38 132,0.08035714285714286
38 212,0.12321428571428572
38 213,0.06964285714285715
38 216,0.026785714285714284
38 347,0.008928571428571428
39 0,0.14285714285714285
39 22,0.17142857142857143
39 24,0.17142857142857143
39 25,0.17142857142857143
39 30,0.14285714285714285
39 36,0.02857142857142857
39 40,0.17142857142857143
40 0,0.13076923076923078
40 19,0.1076923076923077
40 22,0.16923076923076924
40 24,0.13076923076923078
40 25,0.13076923076923078
40 29,0.046153846153846156
40 30,0.13846153846153847
40 36,0.023076923076923078
40 39,0.046153846153846156
40 41,0.007692307692307693
40 42,0.015384615384615385
40 48,0.007692307692307693
40 88,0.046153846153846156
41 6,0.05
41 8,0.1
41 22,0.1
41 24,0.15
41 25,0.05
41 26,0.05
41 30,0.05
41 35,0.05
41 40,0.05
41 63,0.05
41 72,0.05
41 79,0.05
41 112,0.05
41 113,0.1
41 249,0.05
42 22,0.12
42 24,0.16
42 25,0.12
42 26,0.12
42 29,0.04
42 33,0.08
42 36,0.12
42 40,0.08
42 129,0.04
42 232,0.04
42 258,0.08
43 101,0.16666666666666666
43 106,0.16666666666666666
43 108,0.16666666666666666
43 110,0.16666666666666666
43 155,0.16666666666666666
43 272,0.16666666666666666
44 105,0.13846153846153847
44 106,0.16923076923076924
44 109,0.09230769230769231
44 110,0.16923076923076924
44 152,0.16923076923076924
44 153,0.09230769230769231
44 154,0.03076923076923077
44 155,0.13846153846153847
45 12,0.058823529411764705
45 46,0.16470588235294117
45 50,0.11764705882352941
45 53,0.11764705882352941
45 57,0.011764705882352941
45 94,0.058823529411764705
45 132,0.15294117647058825
45 135,0.16470588235294117
45 139,0.15294117647058825
46 12,0.032064
46 13,0.030784
46 18,0.100288
46 45,0.000896
46 50,0.05984
46 51,0.007104
46 53,0.0576
46 56,0.000448
46 57,0.005184
46 58,0.0192
46 59,0.026624
46 60,0.013312
46 62,0.000128
46 75,0.004288
46 89,0.000832
46 90,0.021312
46 92,0.081408
46 94,0.048576
46 97,0.012224
46 98,0.008
46 99,0.004544
46 118,0.00128
46 124,0.00032
46 125,0.000128
46 126,0.00032
46 127,0.00128
46 128,0.000128
46 130,0.000768
46 132,0.01664
46 133,0.05696
46 134,0.041536
46 135,0.088448
46 136,0.000768
46 139,0.075904
46 151,0.000512
46 158,0.01056
46 161,0.000128
46 187,0.004736
46 188,0.004672
46 189,0.022336
46 191,0.045312
46 193,0.003712
46 194,0.001664
46 195,0.000192
46 196,0.02656
46 197,0.010752
46 198,0.012352
46 199,0.000512
46 200,0.000128
46 220,0.00032
46 221,0.00032
46 222,0.004544
46 223,0.000768
46 224,0.000256
46 225,0.001216
46 226,0.000128
46 229,0.008512
46 237,0.00032
46 238,0.00512
46 239,0.000128
46 247,6.4e-05
46 269,0.001536
46 271,0.000448
46 283,0.000704
46 284,0.003904
46 289,0.000128
46 292,0.000448
46 293,0.000768
46 294,6.4e-05
46 295,6.4e-05
46 296,6.4e-05
46 297,6.4e-05
46 298,0.000448
46 299,0.00032
46 300,0.001344
46 301,6.4e-05
46 302,0.000384
46 303,6.4e-05
46 306,6.4e-05
46 307,0.00032
46 308,6.4e-05
46 319,0.000128
46 323,0.00288
46 324,6.4e-05
46 326,0.00032
46 327,6.4e-05
46 328,6.4e-05
46 329,6.4e-05
46 330,6.4e-05
46 331,6.4e-05
46 332,6.4e-05
47 3,0.2
47 5,0.1
47 6,0.2
47 23,0.1
47 28,0.1
47 48,0.1
47 82,0.2
48 3,0.13333333333333333
48 5,0.06666666666666667
48 6,0.13333333333333333
48 19,0.06666666666666667
48 22,0.06666666666666667
48 24,0.06666666666666667
48 28,0.06666666666666667
48 40,0.06666666666666667
48 47,0.13333333333333333
48 82,0.13333333333333333
48 88,0.06666666666666667
49 17,0.11956521739130435
49 29,0.002173913043478261
49 38,0.11956521739130435
49 64,0.12173913043478261
49 66,0.11956521739130435
49 70,0.12173913043478261
49 71,0.12173913043478261
49 132,0.0782608695652174
49 212,0.11956521739130435
49 213,0.07608695652173914
50 13,0.030734463276836158
50 18,0.1023728813559322
50 20,0.009717514124293785
50 45,0.0011299435028248588
50 46,0.10564971751412429
50 51,0.008248587570621468
50 53,0.04124293785310734
50 57,0.005649717514124294
50 58,0.02440677966101695
50 59,0.028361581920903954
50 60,0.01615819209039548
50 90,0.023389830508474575
50 92,0.07627118644067797
50 94,0.0671186440677966
50 97,0.016836158192090396
50 98,0.005536723163841808
50 99,0.005084745762711864
50 126,0.00033898305084745765
50 128,0.00011299435028248587
50 130,0.0007909604519774011
50 132,0.016836158192090396
50 134,0.06542372881355932
50 135,0.10338983050847457
50 139,0.07084745762711864
50 158,0.011638418079096045
50 188,0.0047457627118644066
50 189,0.023728813559322035
50 191,0.05491525423728814
50 192,0.0013559322033898306
50 196,0.03152542372881356
50 198,0.013672316384180792
50 199,0.00022598870056497175
50 222,0.006553672316384181
50 223,0.00022598870056497175
50 226,0.00011299435028248587
50 227,0.00011299435028248587
50 228,0.0011299435028248588
50 229,0.013898305084745762
50 231,0.00022598870056497175
50 238,0.0062146892655367235
50 273,0.00011299435028248587
50 283,0.0007909604519774011
50 284,0.0022598870056497176
50 293,0.0007909604519774011
50 319,0.00011299435028248587
51 20,0.015730337078651686
51 46,0.12471910112359551
51 50,0.08202247191011236
51 59,0.04719101123595506
51 60,0.035955056179775284
51 75,0.0056179775280898875
51 92,0.1393258426966292
51 94,0.12696629213483146
51 97,0.04943820224719101
51 98,0.011235955056179775
51 127,0.0011235955056179776
51 131,0.0033707865168539327
51 133,0.05056179775280899
51 134,0.06629213483146068
51 135,0.11123595505617978
51 136,0.0022471910112359553
51 191,0.08426966292134831
51 193,0.007865168539325843
51 194,0.011235955056179775
51 197,0.011235955056179775
51 225,0.0022471910112359553
51 228,0.0022471910112359553
51 238,0.006741573033707865
51 239,0.0011235955056179776
52 138,0.2
52 182,0.2
52 243,0.2
52 322,0.2
52 351,0.2
53 12,0.05206958608278344
53 13,0.03107378524295141
53 18,0.10545890821835632
53 45,0.0011997600479904018
53 46,0.10797840431913618
53 50,0.04379124175164967
53 56,0.0008398320335932814
53 57,0.007678464307138573
53 59,0.043311337732453506
53 60,0.014997000599880024
53 62,0.0002399520095980804
53 75,0.002519496100779844
53 89,0.0014397120575884823
53 92,0.08434313137372526
53 97,0.010677864427114577
53 98,0.004799040191961607
53 118,0.0023995200959808036
53 124,0.0005998800239952009
53 125,0.0002399520095980804
53 126,0.0005998800239952009
53 127,0.0038392321535692863
53 128,0.0002399520095980804
53 131,0.00035992801439712057
53 132,0.022315536892621477
53 133,0.0740251949610078
53 135,0.0886622675464907
53 136,0.0009598080383923216
53 139,0.08254349130173966
53 151,0.0005998800239952009
53 158,0.007798440311937612
53 187,0.00599880023995201
53 188,0.0065986802639472104
53 189,0.020275944811037793
53 190,0.02399520095980804
53 191,0.04691061787642471
53 193,0.002039592081583683
53 194,0.0019196160767846432
53 196,0.02495500899820036
53 197,0.011277744451109777
53 198,0.01739652069586083
53 199,0.0009598080383923216
53 220,0.0005998800239952009
53 221,0.0005998800239952009
53 222,0.0038392321535692863
53 223,0.001319736052789442
53 224,0.0002399520095980804
53 225,0.0014397120575884823
53 226,0.0001199760047990402
53 228,0.0001199760047990402
53 229,0.007198560287942412
53 231,0.0007198560287942411
53 237,0.0005998800239952009
53 238,0.010677864427114577
53 239,0.0001199760047990402
53 247,0.0001199760047990402
53 269,0.0022795440911817636
53 273,0.0001199760047990402
53 283,0.0009598080383923216
53 289,0.0002399520095980804
53 292,0.0007198560287942411
53 293,0.0014397120575884823
53 294,0.0001199760047990402
53 295,0.0001199760047990402
53 297,0.0001199760047990402
53 298,0.0007198560287942411
53 299,0.0005998800239952009
53 300,0.0019196160767846432
53 301,0.0001199760047990402
53 302,0.0007198560287942411
53 303,0.0001199760047990402
53 306,0.0001199760047990402
53 307,0.0005998800239952009
53 308,0.0001199760047990402
53 319,0.0002399520095980804
53 324,0.0001199760047990402
53 327,0.0001199760047990402
53 328,0.0001199760047990402
53 329,0.0001199760047990402
53 330,0.0001199760047990402
53 331,0.0001199760047990402
53 333,0.0002399520095980804
54 55,0.2
54 165,0.2
54 166,0.2
54 245,0.2
54 246,0.2
55 54,0.0064516129032258064
55 164,0.0064516129032258064
55 165,0.12258064516129032
55 166,0.13548387096774195
55 167,0.14838709677419354
55 168,0.14193548387096774
55 245,0.14193548387096774
55 246,0.11612903225806452
55 287,0.0064516129032258064
55 288,0.03225806451612903
55 290,0.12903225806451613
55 291,0.0064516129032258064
55 316,0.0064516129032258064
56 12,0.15
56 46,0.175
56 53,0.175
56 89,0.15
56 92,0.15
56 139,0.15
56 194,0.025
56 306,0.025
57 13,0.05619834710743802
57 45,0.001652892561983471
57 46,0.13388429752066117
57 50,0.08264462809917356
57 53,0.10578512396694215
57 58,0.04132231404958678
57 59,0.10578512396694215
57 92,0.06115702479338843
57 133,0.08099173553719008
57 135,0.1322314049586777
57 136,0.001652892561983471
57 151,0.001652892561983471
57 191,0.12231404958677686
57 192,0.006611570247933884
57 194,0.009917355371900827
57 196,0.05619834710743802
58 13,0.03736842105263158
58 18,0.10394736842105264
58 20,0.025789473684210525
58 46,0.07894736842105263
58 50,0.056842105263157895
58 57,0.006578947368421052
58 92,0.07394736842105264
58 94,0.09263157894736843
58 131,0.0005263157894736842
58 133,0.05578947368421053
58 134,0.07684210526315789
58 135,0.105
58 139,0.07236842105263158
58 151,0.0002631578947368421
58 187,0.0036842105263157894
58 188,0.0028947368421052633
58 189,0.053421052631578946
58 190,0.045789473684210526
58 191,0.05447368421052631
58 192,0.0013157894736842105
58 193,0.003947368421052632
58 196,0.030526315789473683
58 197,0.010263157894736842
58 228,0.0018421052631578947
58 323,0.005
59 13,0.03528205128205128
59 18,0.09517948717948718
59 20,0.01353846153846154
59 46,0.08533333333333333
59 50,0.051487179487179485
59 51,0.008615384615384615
59 53,0.07405128205128206
59 57,0.013128205128205127
59 92,0.07384615384615385
59 94,0.0642051282051282
59 131,0.0006153846153846154
59 133,0.0843076923076923
59 135,0.10317948717948718
59 139,0.064
59 151,0.00041025641025641023
59 187,0.004717948717948718
59 188,0.006564102564102564
59 189,0.04123076923076923
59 190,0.04287179487179487
59 191,0.047794871794871796
59 192,0.001435897435897436
59 193,0.0020512820512820513
59 194,0.0020512820512820513
59 195,0.00020512820512820512
59 196,0.033846153846153845
59 197,0.012102564102564103
59 198,0.03794871794871795
60 13,0.023295454545454546
60 18,0.10625
60 46,0.11818181818181818
60 50,0.08125
60 51,0.01818181818181818
60 53,0.07102272727272728
60 92,0.08352272727272728
60 94,0.08068181818181819
60 131,0.0017045454545454545
60 133,0.05965909090909091
60 135,0.11022727272727273
60 139,0.07329545454545454
60 151,0.0005681818181818182
60 191,0.08579545454545455
60 193,0.005681818181818182
60 194,0.003409090909090909
60 196,0.03238636363636364
60 228,0.0017045454545454545
60 229,0.040340909090909094
60 283,0.002840909090909091
61 140,0.2
61 141,0.2
61 143,0.2
61 144,0.2
61 145,0.2
62 12,0.2
62 13,0.1
62 18,0.2
62 46,0.2
62 53,0.2
62 139,0.1
63 35,0.2
63 41,0.2
63 72,0.2
63 79,0.2
63 112,0.2
64 17,0.11891891891891893
64 29,0.0036036036036036037
64 38,0.10810810810810811
64 49,0.1009009009009009
64 65,0.010810810810810811
64 66,0.12612612612612611
64 67,0.010810810810810811
64 68,0.0018018018018018018
64 69,0.009009009009009009
64 70,0.10270270270270271
64 71,0.12972972972972974
64 117,0.010810810810810811
64 132,0.07387387387387387
64 212,0.11351351351351352
64 213,0.07027027027027027
64 347,0.009009009009009009
65 17,0.17142857142857143
65 64,0.17142857142857143
65 66,0.17142857142857143
65 67,0.14285714285714285
65 69,0.14285714285714285
65 70,0.02857142857142857
65 71,0.17142857142857143
66 17,0.12876712328767123
66 38,0.0958904109589041
66 49,0.07534246575342465
66 64,0.0958904109589041
66 65,0.00821917808219178
66 67,0.00821917808219178
66 69,0.00684931506849315
66 70,0.09726027397260274
66 71,0.12465753424657534
66 91,0.012328767123287671
66 117,0.026027397260273973
66 132,0.09178082191780822
66 171,0.00684931506849315
66 210,0.0013698630136986301
66 212,0.10410958904109589
66 213,0.05342465753424658
66 214,0.0013698630136986301
66 215,0.00821917808219178
66 216,0.04657534246575343
66 347,0.00684931506849315
67 17,0.17142857142857143
67 38,0.02857142857142857
67 64,0.17142857142857143
67 65,0.14285714285714285
67 66,0.17142857142857143
67 69,0.14285714285714285
67 71,0.17142857142857143
68 29,0.17
68 64,0.01
68 71,0.07
68 91,0.05
68 117,0.16
68 132,0.17
68 171,0.05
68 209,0.05
68 210,0.01
68 214,0.05
68 215,0.05
68 216,0.16
69 17,0.16666666666666666
69 64,0.16666666666666666
69 65,0.16666666666666666
69 66,0.16666666666666666
69 67,0.16666666666666666
69 71,0.16666666666666666
70 17,0.12347826086956522
70 29,0.0034782608695652175
70 38,0.11304347826086956
70 49,0.09739130434782609
70 64,0.09913043478260869
70 65,0.0017391304347826088
70 66,0.12347826086956522
70 71,0.12521739130434784
70 91,0.010434782608695653
70 132,0.09043478260869565
70 212,0.11304347826086956
70 213,0.06086956521739131
70 215,0.0017391304347826088
70 216,0.036521739130434785
71 17,0.11578947368421053
71 29,0.013157894736842105
71 38,0.09210526315789473
71 49,0.07368421052631578
71 64,0.09473684210526316
71 65,0.007894736842105263
71 66,0.11973684210526316
71 67,0.007894736842105263
71 68,0.009210526315789473
71 69,0.006578947368421052
71 70,0.09473684210526316
71 80,0.002631578947368421
71 91,0.021052631578947368
71 117,0.02631578947368421
71 132,0.09605263157894736
71 210,0.006578947368421052
71 211,0.003947368421052632
71 212,0.1
71 213,0.05131578947368421
71 216,0.05
71 347,0.006578947368421052
72 35,0.2
72 41,0.2
72 63,0.2
72 79,0.2
72 112,0.2
73 76,0.16666666666666666
73 77,0.16666666666666666
73 86,0.16666666666666666
73 87,0.16666666666666666
73 234,0.16666666666666666
73 286,0.16666666666666666
74 10,0.16
74 11,0.16
74 309,0.16
74 310,0.16
74 311,0.09
74 312,0.09
74 313,0.09
74 314,0.09
75 12,0.04666666666666667
75 13,0.035555555555555556
75 18,0.1288888888888889
75 46,0.14888888888888888
75 51,0.011111111111111112
75 53,0.04666666666666667
75 90,0.05555555555555555
75 92,0.09777777777777778
75 94,0.06
75 98,0.14666666666666667
75 125,0.0022222222222222222
75 134,0.09555555555555556
75 139,0.09111111111111111
75 161,0.0044444444444444444
75 196,0.024444444444444446
75 200,0.0044444444444444444
76 73,0.16666666666666666
76 77,0.16666666666666666
76 86,0.16666666666666666
76 87,0.16666666666666666
76 234,0.16666666666666666
76 286,0.16666666666666666
77 73,0.16666666666666666
77 76,0.16666666666666666
77 86,0.16666666666666666
77 87,0.16666666666666666
77 234,0.16666666666666666
77 286,0.16666666666666666
78 159,0.1
78 270,0.06666666666666667
78 321,0.2
78 343,0.13333333333333333
78 344,0.13333333333333333
78 355,0.1
78 356,0.06666666666666667
78 357,0.2
79 35,0.2
79 41,0.2
79 63,0.2
79 72,0.2
79 112,0.2
80 71,0.1
80 91,0.05
80 117,0.15
80 132,0.2
80 171,0.05
80 209,0.05
80 210,0.05
80 211,0.05
80 214,0.05
80 215,0.05
80 216,0.2
81 4,0.2
81 6,0.2
81 83,0.2
81 157,0.2
81 305,0.2
82 3,0.2
82 5,0.1
82 6,0.2
82 23,0.1
82 28,0.1
82 47,0.2
82 48,0.1
83 4,0.13333333333333333
83 6,0.13333333333333333
83 7,0.06666666666666667
83 81,0.06666666666666667
83 95,0.06666666666666667
83 115,0.06666666666666667
83 120,0.06666666666666667
83 157,0.13333333333333333
83 181,0.06666666666666667
83 274,0.06666666666666667
83 305,0.06666666666666667
83 315,0.06666666666666667
84 9,0.2
84 34,0.2
84 85,0.2
84 114,0.2
84 252,0.2
85 9,0.2
85 34,0.2
85 84,0.1
85 114,0.2
85 252,0.2
85 320,0.1
86 73,0.16666666666666666
86 76,0.16666666666666666
86 77,0.16666666666666666
86 87,0.16666666666666666
86 234,0.16666666666666666
86 286,0.16666666666666666
87 73,0.16666666666666666
87 76,0.16666666666666666
87 77,0.16666666666666666
87 86,0.16666666666666666
87 234,0.16666666666666666
87 286,0.16666666666666666
88 0,0.15
88 6,0.025
88 19,0.175
88 22,0.15
88 24,0.175
88 30,0.15
88 40,0.15
88 48,0.025
89 12,0.14666666666666667
89 46,0.17333333333333334
89 53,0.16
89 56,0.08
89 92,0.16
89 125,0.013333333333333334
89 136,0.06666666666666667
89 139,0.16
89 271,0.013333333333333334
89 289,0.013333333333333334
89 306,0.013333333333333334
90 13,0.03228200371057514
90 18,0.12467532467532468
90 20,0.008905380333951763
90 46,0.12356215213358071
90 50,0.07680890538033396
90 75,0.00927643784786642
90 92,0.08794063079777366
90 98,0.017439703153988868
90 99,0.021521335807050092
90 133,0.04823747680890538
90 134,0.09090909090909091
90 135,0.10092764378478664
90 136,0.00037105751391465676
90 139,0.08868274582560297
90 151,0.00037105751391465676
90 158,0.02634508348794063
90 161,0.0007421150278293135
90 187,0.004823747680890538
90 188,0.004081632653061225
90 189,0.030426716141001856
90 191,0.02634508348794063
90 193,0.0018552875695732839
90 195,0.00037105751391465676
90 196,0.02857142857142857
90 197,0.014471243042671614
90 224,0.00037105751391465676
90 229,0.016697588126159554
90 231,0.0007421150278293135
90 269,0.0022263450834879408
90 283,0.00037105751391465676
90 292,0.00037105751391465676
90 300,0.0022263450834879408
90 323,0.007050092764378479
91 17,0.09473684210526316
91 29,0.06315789473684211
91 66,0.09473684210526316
91 68,0.05263157894736842
91 70,0.06315789473684211
91 71,0.16842105263157894
91 80,0.010526315789473684
91 117,0.11578947368421053
91 132,0.16842105263157894
91 216,0.16842105263157894
92 12,0.03066465256797583
92 18,0.09916918429003022
92 20,0.010498489425981873
92 46,0.09607250755287008
92 50,0.050981873111782476
92 51,0.009365558912386707
92 53,0.05309667673716012
92 56,0.00045317220543806646
92 57,0.002794561933534743
92 58,0.02122356495468278
92 59,0.027190332326283987
92 60,0.011102719033232629
92 75,0.003323262839879154
92 89,0.0009063444108761329
92 90,0.017900302114803625
92 94,0.052794561933534746
92 97,0.013670694864048339
92 98,0.0061933534743202415
92 99,0.004682779456193354
92 118,0.0011329305135951663
92 124,0.00037764350453172205
92 125,0.00015105740181268882
92 126,0.00015105740181268882
92 127,0.001963746223564955
92 128,0.00015105740181268882
92 130,0.0006797583081570997
92 132,0.015558912386706949
92 133,0.05793051359516616
92 134,0.0425226586102719
92 135,0.08731117824773414
92 136,0.0008308157099697885
92 139,0.10521148036253776
92 158,0.008081570996978852
92 187,0.00392749244712991
92 188,0.00445619335347432
92 189,0.020619335347432023
92 190,0.026435045317220542
92 191,0.043277945619335345
92 193,0.004380664652567976
92 194,0.001963746223564955
92 195,0.00022658610271903323
92 197,0.008685800604229608
92 198,0.012160120845921451
92 199,0.00045317220543806646
92 221,0.00037764350453172205
92 222,0.004154078549848943
92 223,0.0008308157099697885
92 224,0.00030211480362537764
92 225,0.0018882175226586104
92 227,7.552870090634441e-05
92 228,0.0007552870090634441
92 229,0.00891238670694864
92 231,0.0006042296072507553
92 237,0.00037764350453172205
92 238,0.006344410876132931
92 239,0.00015105740181268882
92 247,7.552870090634441e-05
92 269,0.001435045317220544
92 271,0.00045317220543806646
92 273,7.552870090634441e-05
92 284,0.004229607250755287
92 289,0.00015105740181268882
92 292,0.0005287009063444109
92 293,0.0006797583081570997
92 295,7.552870090634441e-05
92 296,7.552870090634441e-05
92 298,0.00045317220543806646
92 299,0.00037764350453172205
92 300,0.001435045317220544
92 301,7.552870090634441e-05
92 302,0.00037764350453172205
92 303,7.552870090634441e-05
92 307,0.00037764350453172205
92 323,0.0026435045317220545
92 324,7.552870090634441e-05
92 326,0.00037764350453172205
92 327,7.552870090634441e-05
92 328,7.552870090634441e-05
92 329,7.552870090634441e-05
92 330,7.552870090634441e-05
92 331,7.552870090634441e-05
92 332,7.552870090634441e-05
93 2,0.14626865671641792
93 6,0.049253731343283584
93 31,0.07761194029850746
93 32,0.011940298507462687
93 37,0.08358208955223881
93 119,0.08208955223880597
93 122,0.07462686567164178
93 123,0.08358208955223881
93 146,0.11641791044776119
93 147,0.023880597014925373
93 148,0.14626865671641792
93 156,0.025373134328358207
93 179,0.004477611940298508
93 202,0.0014925373134328358
93 204,0.014925373134328358
93 241,0.050746268656716415
93 264,0.007462686567164179
94 13,0.030217391304347824
94 18,0.10054347826086957
94 20,0.01532608695652174
94 45,0.0005434782608695652
94 46,0.0825
94 50,0.06456521739130434
94 51,0.012282608695652173
94 58,0.03826086956521739
94 59,0.03402173913043478
94 60,0.015434782608695652
94 75,0.002934782608695652
94 92,0.07597826086956522
94 97,0.01641304347826087
94 98,0.005760869565217391
94 131,0.0010869565217391304
94 132,0.021304347826086957
94 133,0.04760869565217391
94 134,0.06739130434782609
94 135,0.09858695652173913
94 136,0.00032608695652173916
94 139,0.0683695652173913
94 158,0.007717391304347826
94 189,0.027608695652173915
94 190,0.04054347826086956
94 191,0.05369565217391304
94 193,0.004239130434782609
94 194,0.0010869565217391304
94 196,0.030217391304347824
94 198,0.0175
94 222,0.004891304347826087
94 224,0.00010869565217391305
94 225,0.002391304347826087
94 226,0.00010869565217391305
94 227,0.00010869565217391305
94 228,0.0009782608695652175
94 229,0.009130434782608696
94 239,0.00010869565217391305
94 298,0.00010869565217391305
95 6,0.2
95 83,0.2
95 157,0.2
95 274,0.2
95 315,0.2
96 186,0.2
96 248,0.2
96 251,0.1
96 256,0.2
96 267,0.2
96 345,0.1
97 18,0.10393700787401575
97 46,0.10026246719160105
97 50,0.07821522309711286
97 51,0.023097112860892388
97 53,0.046719160104986876
97 92,0.09501312335958005
97 94,0.07926509186351706
97 131,0.0010498687664041995
97 134,0.08818897637795275
97 135,0.10393700787401575
97 139,0.08241469816272966
97 151,0.0010498687664041995
97 188,0.009973753280839895
97 190,0.030446194225721784
97 191,0.08923884514435695
97 193,0.012073490813648294
97 196,0.03622047244094488
97 197,0.01889763779527559
98 12,0.03976608187134503
98 13,0.03508771929824561
98 18,0.13216374269005848
98 46,0.14619883040935672
98 50,0.05730994152046784
98 51,0.011695906432748537
98 53,0.04678362573099415
98 75,0.07719298245614035
98 90,0.05497076023391813
98 92,0.09590643274853801
98 94,0.06198830409356725
98 133,0.03859649122807018
98 134,0.08421052631578947
98 139,0.08771929824561403
98 161,0.0023391812865497076
98 196,0.025730994152046785
98 200,0.0023391812865497076
99 12,0.03166666666666667
99 13,0.041666666666666664
99 18,0.13333333333333333
99 46,0.11833333333333333
99 50,0.075
99 90,0.09666666666666666
99 92,0.10333333333333333
99 133,0.06166666666666667
99 134,0.08333333333333333
99 135,0.13333333333333333
99 139,0.10333333333333333
99 190,0.018333333333333333
100 24,0.2
100 26,0.2
100 33,0.2
100 232,0.2
100 258,0.2
101 43,0.010416666666666666
101 102,0.014583333333333334
101 103,0.0125
101 104,0.03333333333333333
101 105,0.07083333333333333
101 106,0.13541666666666666
101 107,0.03125
101 108,0.05625
101 109,0.06041666666666667
101 110,0.1375
101 111,0.00625
101 152,0.11458333333333333
101 153,0.058333333333333334
101 154,0.025
101 155,0.11458333333333333
101 180,0.004166666666666667
101 272,0.06666666666666667
101 317,0.04791666666666667
102 101,0.175
102 103,0.025
102 105,0.125
102 106,0.175
102 108,0.15
102 109,0.175
102 110,0.15
102 111,0.025
103 101,0.2
103 102,0.03333333333333333
103 106,0.2
103 107,0.06666666666666667
103 109,0.06666666666666667
103 110,0.13333333333333333
103 152,0.16666666666666666
103 153,0.06666666666666667
103 272,0.06666666666666667
104 101,0.16842105263157894
104 109,0.06315789473684211
104 110,0.16842105263157894
104 152,0.16842105263157894
104 153,0.06315789473684211
104 154,0.031578947368421054
104 155,0.1368421052631579
104 272,0.06315789473684211
104 317,0.1368421052631579
105 44,0.03461538461538462
105 101,0.13076923076923078
105 102,0.019230769230769232
105 106,0.1576923076923077
105 107,0.03461538461538462
105 108,0.06538461538461539
105 109,0.06538461538461539
105 110,0.13076923076923078
105 152,0.10384615384615385
105 153,0.06538461538461539
105 155,0.1423076923076923
105 272,0.05
106 43,0.011235955056179775
106 44,0.024719101123595506
106 101,0.14606741573033707
106 102,0.015730337078651686
106 103,0.01348314606741573
106 105,0.09213483146067415
106 107,0.033707865168539325
106 108,0.056179775280898875
106 109,0.060674157303370786
106 110,0.1348314606741573
106 111,0.006741573033707865
106 152,0.1146067415730337
106 153,0.06292134831460675
106 154,0.02247191011235955
106 155,0.1146067415730337
106 272,0.060674157303370786
106 317,0.029213483146067417
107 101,0.17647058823529413
107 103,0.023529411764705882
107 105,0.10588235294117647
107 106,0.17647058823529413
107 111,0.023529411764705882
107 152,0.17647058823529413
107 153,0.09411764705882353
107 154,0.023529411764705882
107 155,0.10588235294117647
107 272,0.09411764705882353
108 43,0.03125
108 101,0.16875
108 102,0.0375
108 105,0.10625
108 106,0.15625
108 109,0.08125
108 110,0.1625
108 111,0.00625
108 153,0.0375
108 154,0.025
108 155,0.1125
108 180,0.0125
108 272,0.0625
109 44,0.03
109 101,0.145
109 102,0.035
109 103,0.01
109 104,0.03
109 105,0.085
109 106,0.135
109 108,0.065
109 110,0.165
109 111,0.005
109 152,0.105
109 154,0.025
109 155,0.11
109 180,0.01
109 317,0.045
110 43,0.01098901098901099
110 44,0.024175824175824177
110 101,0.14505494505494507
110 102,0.013186813186813187
110 103,0.008791208791208791
110 104,0.035164835164835165
110 105,0.07472527472527472
110 106,0.13186813186813187
110 108,0.05714285714285714
110 109,0.07252747252747253
110 152,0.11208791208791209
110 153,0.05714285714285714
110 154,0.026373626373626374
110 155,0.12087912087912088
110 180,0.004395604395604396
110 272,0.054945054945054944
110 317,0.05054945054945055
111 101,0.2
111 102,0.06666666666666667
111 106,0.2
111 107,0.13333333333333333
111 108,0.06666666666666667
111 109,0.06666666666666667
111 152,0.13333333333333333
111 153,0.06666666666666667
111 272,0.06666666666666667
112 35,0.2
112 41,0.2
112 63,0.2
112 72,0.2
112 79,0.2
113 6,0.1
113 8,0.2
113 22,0.1
113 24,0.2
113 26,0.1
113 41,0.2
113 249,0.1
114 9,0.2
114 34,0.2
114 84,0.1
114 85,0.2
114 252,0.2
114 320,0.1
115 4,0.2
115 7,0.2
115 83,0.2
115 120,0.2
115 181,0.2
116 230,0.2
116 256,0.2
116 334,0.2
116 337,0.1
116 338,0.2
116 339,0.1
117 17,0.08695652173913043
117 29,0.06956521739130435
117 64,0.02608695652173913
117 66,0.08260869565217391
117 68,0.06956521739130435
117 71,0.08695652173913043
117 80,0.013043478260869565
117 91,0.04782608695652174
117 132,0.16956521739130434
117 171,0.04782608695652174
117 209,0.030434782608695653
117 212,0.0391304347826087
117 214,0.034782608695652174
117 215,0.04782608695652174
117 216,0.14782608695652175
118 12,0.14074074074074075
118 13,0.037037037037037035
118 18,0.14814814814814814
118 46,0.14814814814814814
118 53,0.14814814814814814
118 92,0.1111111111111111
118 133,0.14814814814814814
118 139,0.1111111111111111
118 196,0.007407407407407408
119 2,0.15384615384615385
119 31,0.08461538461538462
119 32,0.015384615384615385
119 37,0.08461538461538462
119 93,0.10576923076923077
119 122,0.07307692307692308
119 123,0.08653846153846154
119 146,0.08269230769230769
119 148,0.1519230769230769
119 149,0.028846153846153848
119 156,0.03653846153846154
119 173,0.0038461538461538464
119 174,0.0019230769230769232
119 176,0.025
119 177,0.0019230769230769232
119 178,0.0038461538461538464
119 179,0.007692307692307693
119 241,0.04230769230769231
119 264,0.009615384615384616
120 4,0.2
120 7,0.2
120 83,0.2
120 115,0.2
120 181,0.2
121 172,0.2
121 208,0.2
121 255,0.2
121 260,0.2
121 285,0.2
122 2,0.15445544554455445
122 6,0.061386138613861385
122 31,0.09702970297029703
122 37,0.09108910891089109
122 93,0.09900990099009901
122 119,0.07524752475247524
122 146,0.10495049504950495
122 147,0.0297029702970297
122 148,0.14653465346534653
122 149,0.031683168316831684
122 156,0.019801980198019802
122 173,0.0039603960396039604
122 175,0.0019801980198019802
122 176,0.027722772277227723
122 178,0.0019801980198019802
122 204,0.009900990099009901
122 205,0.0019801980198019802
122 206,0.0019801980198019802
122 241,0.039603960396039604
123 2,0.15478260869565216
123 6,0.06086956521739131
123 31,0.09043478260869565
123 37,0.0817391304347826
123 93,0.09739130434782609
123 119,0.0782608695652174
123 146,0.09217391304347826
123 147,0.02608695652173913
123 148,0.15130434782608695
123 149,0.02782608695652174
123 150,0.0034782608695652175
123 156,0.017391304347826087
123 163,0.0017391304347826088
123 173,0.0034782608695652175
123 176,0.03304347826086956
123 177,0.0034782608695652175
123 178,0.0017391304347826088
123 179,0.010434782608695653
123 204,0.008695652173913044
123 205,0.0017391304347826088
123 206,0.0017391304347826088
123 207,0.0017391304347826088
123 241,0.04173913043478261
123 264,0.008695652173913044
124 12,0.16666666666666666
124 18,0.16666666666666666
124 46,0.16666666666666666
124 53,0.16666666666666666
124 92,0.16666666666666666
124 139,0.16666666666666666
125 46,0.2
125 53,0.2
125 75,0.1
125 89,0.1
125 92,0.2
125 139,0.2
126 12,0.08
126 13,0.08
126 18,0.2
126 46,0.2
126 50,0.12
126 53,0.2
126 92,0.08
126 196,0.04
127 18,0.1391304347826087
127 46,0.08695652173913043
127 51,0.004347826086956522
127 53,0.1391304347826087
127 92,0.11304347826086956
127 133,0.14347826086956522
127 135,0.14347826086956522
127 139,0.10869565217391304
127 190,0.08260869565217391
127 196,0.0391304347826087
128 12,0.1
128 18,0.2
128 46,0.2
128 50,0.1
128 53,0.2
128 92,0.2
129 24,0.2
129 26,0.2
129 33,0.2
129 42,0.2
129 258,0.2
130 12,0.08571428571428572
130 13,0.02857142857142857
130 18,0.17142857142857143
130 46,0.17142857142857143
130 50,0.1
130 92,0.12857142857142856
130 135,0.17142857142857143
130 139,0.12857142857142856
130 196,0.014285714285714285
131 18,0.15384615384615385
131 51,0.046153846153846156
131 53,0.046153846153846156
131 58,0.03076923076923077
131 59,0.046153846153846156
131 60,0.046153846153846156
131 94,0.15384615384615385
131 97,0.03076923076923077
131 132,0.046153846153846156
131 133,0.13846153846153847
131 134,0.06153846153846154
131 135,0.2
132 12,0.030056179775280897
132 13,0.030056179775280897
132 17,0.019382022471910114
132 18,0.0848314606741573
132 29,0.005898876404494382
132 38,0.012640449438202247
132 45,0.003651685393258427
132 46,0.07303370786516854
132 49,0.010112359550561797
132 50,0.041853932584269664
132 53,0.052247191011235955
132 64,0.011516853932584269
132 66,0.018820224719101122
132 68,0.0047752808988764045
132 70,0.014606741573033709
132 71,0.02050561797752809
132 80,0.0011235955056179776
132 91,0.0044943820224719105
132 92,0.05786516853932584
132 94,0.0550561797752809
132 117,0.010955056179775281
132 131,0.0008426966292134832
132 133,0.0550561797752809
132 134,0.04044943820224719
132 135,0.08764044943820225
132 139,0.060674157303370786
132 171,0.003089887640449438
132 187,0.005898876404494382
132 190,0.03342696629213483
132 191,0.08398876404494382
132 196,0.02359550561797753
132 209,0.001966292134831461
132 210,0.0016853932584269663
132 211,0.0011235955056179776
132 212,0.014606741573033709
132 214,0.0022471910112359553
132 215,0.0033707865168539327
132 216,0.01657303370786517
132 341,0.0002808988764044944
133 12,0.0405966968566862
133 13,0.03558870538092701
133 18,0.10420884389984017
133 20,0.009057005860415556
133 46,0.09483217900905701
133 51,0.004794885455514118
133 53,0.06574320724560469
133 57,0.005221097496004262
133 58,0.022589238145977623
133 59,0.04379328716036228
133 60,0.011188066062866276
133 90,0.013851891315929675
133 92,0.08172615876398508
133 94,0.04667021843367075
133 98,0.0035162493340436867
133 99,0.003942461374533831
133 118,0.002131060202450719
133 127,0.0035162493340436867
133 131,0.0009589770911028237
133 132,0.020884389984017048
133 135,0.09536494405966968
133 137,0.0002131060202450719
133 139,0.07586574320724561
133 158,0.008630793819925413
133 187,0.00660628662759723
133 188,0.004155567394778903
133 189,0.027597229621736816
133 190,0.03825253063399041
133 191,0.046989877464038356
133 194,0.002131060202450719
133 196,0.024507192328183273
133 197,0.012466702184336707
133 198,0.01715503462972829
133 199,0.0006393180607352157
133 221,0.0005327650506126798
133 223,0.0010655301012253596
133 225,0.0022376132125732553
133 226,0.00010655301012253596
133 231,0.0006393180607352157
133 237,0.0005327650506126798
133 269,0.002557272242940863
133 271,0.0006393180607352157
133 284,0.006180074587107086
133 294,0.00010655301012253596
133 296,0.00010655301012253596
133 298,0.0007458710708577517
133 300,0.0022376132125732553
133 302,0.0006393180607352157
133 307,0.0005327650506126798
133 319,0.00010655301012253596
133 323,0.004794885455514118
133 326,0.0005327650506126798
133 332,0.00010655301012253596
133 333,0.0002131060202450719
134 13,0.029254571026722926
134 18,0.10506329113924051
134 20,0.012376933895921238
134 46,0.09127988748241912
134 50,0.08143459915611814
134 51,0.00829817158931083
134 58,0.04106891701828411
134 75,0.006047819971870605
134 90,0.034458509142053444
134 92,0.07918424753867792
134 94,0.08720112517580872
134 97,0.02362869198312236
134 98,0.010126582278481013
134 99,0.007032348804500703
134 131,0.0005625879043600563
134 132,0.020253164556962026
134 135,0.09817158931082982
134 136,0.0004219409282700422
134 139,0.07426160337552742
134 151,0.0004219409282700422
134 158,0.012236286919831224
134 187,0.002109704641350211
134 189,0.026019690576652602
134 190,0.029535864978902954
134 191,0.04542897327707454
134 193,0.004641350210970464
134 196,0.029957805907172997
134 197,0.007876230661040788
134 198,0.009985935302390999
134 222,0.006329113924050633
134 223,0.00014064697609001407
134 224,0.00028129395218002813
134 225,0.0016877637130801688
134 226,0.00014064697609001407
134 227,0.00014064697609001407
134 228,0.0011251758087201125
134 229,0.01181434599156118
135 12,0.020138451856513532
135 13,0.033920704845814977
135 18,0.10044052863436123
135 20,0.011264946507237255
135 45,0.000881057268722467
135 46,0.08697293895531781
135 50,0.057583385777218374
135 51,0.006230333543108873
135 53,0.04650723725613593
135 57,0.005034612964128383
135 58,0.025110132158590308
135 59,0.0316551290119572
135 60,0.012208936438011329
135 90,0.017117684078036502
135 92,0.07275015733165513
135 94,0.05707992448080554
135 97,0.012460667086217746
135 99,0.005034612964128383
135 127,0.002076777847702958
135 130,0.0007551919446192574
135 131,0.0008181246066708621
135 132,0.019634990560100693
135 133,0.05632473253618628
135 134,0.04392699811202014
135 137,0.00012586532410320956
135 139,0.06903713027061045
135 151,0.0005034612964128383
135 158,0.01038388923851479
135 189,0.024543738200125866
135 190,0.03203272498426683
135 191,0.053429830081812464
135 192,0.0007551919446192574
135 196,0.028382630585273756
135 197,0.010572687224669603
135 198,0.01592196349905601
135 220,0.00031466331025802394
135 222,0.00446821900566394
135 226,0.00012586532410320956
135 229,0.009439899307740718
135 238,0.006482064191315293
135 239,0.00012586532410320956
135 284,0.00446821900566394
135 294,6.293266205160478e-05
135 297,6.293266205160478e-05
135 323,0.0028319697923222154
136 12,0.1076923076923077
136 46,0.18461538461538463
136 51,0.03076923076923077
136 53,0.12307692307692308
136 57,0.015384615384615385
136 89,0.07692307692307693
136 90,0.015384615384615385
136 92,0.16923076923076924
136 94,0.046153846153846156
136 134,0.046153846153846156
136 139,0.12307692307692308
136 194,0.046153846153846156
136 283,0.015384615384615385
137 12,0.1
137 13,0.2
137 18,0.2
137 133,0.2
137 135,0.2
137 190,0.1
138 52,0.1
138 182,0.2
138 242,0.1
138 243,0.2
138 322,0.2
138 351,0.2
139 12,0.0320415501398322
139 18,0.10539352776667998
139 20,0.010227726727926488
139 45,0.0010387534958050339
139 46,0.09476628046344386
139 50,0.05009988014382741
139 53,0.054974031162604874
139 56,0.00047942469037155414
139 58,0.021973631642029565
139 59,0.024930083899320814
139 60,0.010307630842988413
139 62,7.990411506192568e-05
139 75,0.003276068717538953
139 89,0.0009588493807431083
139 90,0.01909708349980024
139 92,0.11130643228126248
139 94,0.050259688373951256
139 97,0.012544946064722333
139 98,0.0059928086296444265
139 99,0.0049540551338393924
139 118,0.0011985617259288853
139 124,0.00039952057530962844
139 125,0.00015980823012385137
139 127,0.001997602876548142
139 130,0.0007191370355573312
139 132,0.017259288853375947
139 133,0.05689172992409109
139 134,0.04218937275269676
139 135,0.08765481422293248
139 136,0.0006392329204954055
139 151,0.0005593288054334798
139 158,0.008549740311626048
139 187,0.0041550139832201355
139 188,0.004714342788653615
139 189,0.021813823411905714
139 190,0.02796644027167399
139 191,0.04059129045145825
139 193,0.0041550139832201355
139 195,0.00023971234518577707
139 197,0.008549740311626048
139 198,0.012864562524970036
139 200,7.990411506192568e-05
139 220,0.00039952057530962844
139 221,0.00039952057530962844
139 222,0.0043947263284059125
139 223,0.0005593288054334798
139 224,0.00023971234518577707
139 225,0.0019176987614862165
139 227,7.990411506192568e-05
139 228,0.0006392329204954055
139 229,0.00942868557730723
139 231,0.0006392329204954055
139 237,0.00039952057530962844
139 238,0.006392329204954055
139 269,0.001518178186176588
139 271,0.00047942469037155414
139 273,7.990411506192568e-05
139 283,0.0008789452656811826
139 284,0.00463443867359169
139 292,0.00047942469037155414
139 293,0.0007191370355573312
139 294,7.990411506192568e-05
139 295,7.990411506192568e-05
139 296,7.990411506192568e-05
139 297,7.990411506192568e-05
139 298,0.00047942469037155414
139 299,0.00039952057530962844
139 300,0.001518178186176588
139 302,0.00039952057530962844
139 303,7.990411506192568e-05
139 306,7.990411506192568e-05
139 307,0.00039952057530962844
139 319,0.00015980823012385137
139 323,0.002796644027167399
139 324,7.990411506192568e-05
139 326,0.00039952057530962844
139 327,7.990411506192568e-05
139 328,7.990411506192568e-05
139 329,7.990411506192568e-05
139 330,7.990411506192568e-05
139 331,7.990411506192568e-05
139 332,7.990411506192568e-05
139 333,7.990411506192568e-05
140 61,0.1
140 141,0.2
140 142,0.1
140 143,0.2
140 144,0.2
140 145,0.2
141 61,0.1
141 140,0.2
141 142,0.1
141 143,0.2
141 144,0.2
141 145,0.2
142 140,0.2
142 141,0.2
142 143,0.2
142 144,0.2
142 145,0.2
143 61,0.1
143 140,0.2
143 141,0.2
143 142,0.1
143 144,0.2
143 145,0.2
144 61,0.1
144 140,0.2
144 141,0.2
144 142,0.1
144 143,0.2
144 145,0.2
145 61,0.1
145 140,0.2
145 141,0.2
145 142,0.1
145 143,0.2
145 144,0.2
146 2,0.14393939393939395
146 6,0.05909090909090909
146 31,0.10454545454545454
146 32,0.00909090909090909
146 37,0.07424242424242425
146 93,0.11818181818181818
146 119,0.06515151515151515
146 122,0.0803030303030303
146 123,0.0803030303030303
146 147,0.03484848484848485
146 148,0.14393939393939395
146 176,0.03484848484848485
146 202,0.0015151515151515152
146 204,0.015151515151515152
146 241,0.03484848484848485
147 2,0.16363636363636364
147 31,0.10909090909090909
147 93,0.09696969696969697
147 122,0.09090909090909091
147 123,0.09090909090909091
147 146,0.1393939393939394
147 148,0.16363636363636364
147 149,0.024242424242424242
147 176,0.05454545454545454
147 241,0.06666666666666667
148 2,0.1510204081632653
148 6,0.053061224489795916
148 31,0.08979591836734693
148 32,0.009183673469387756
148 37,0.07551020408163266
148 93,0.1
148 119,0.08061224489795918
148 122,0.07551020408163266
148 123,0.08877551020408163
148 146,0.09693877551020408
148 147,0.027551020408163266
148 149,0.027551020408163266
148 150,0.0020408163265306124
148 156,0.019387755102040816
148 174,0.0010204081632653062
148 176,0.030612244897959183
148 177,0.0020408163265306124
148 178,0.0020408163265306124
148 179,0.007142857142857143
148 202,0.0010204081632653062
148 204,0.01020408163265306
148 205,0.0020408163265306124
148 207,0.0010204081632653062
148 241,0.04081632653061224
148 264,0.00510204081632653
149 2,0.17777777777777778
149 6,0.08333333333333333
149 31,0.10555555555555556
149 32,0.005555555555555556
149 37,0.12222222222222222
149 119,0.08333333333333333
149 122,0.08888888888888889
149 123,0.08888888888888889
149 147,0.022222222222222223
149 148,0.15
149 173,0.022222222222222223
149 174,0.005555555555555556
149 175,0.005555555555555556
149 207,0.005555555555555556
149 241,0.03333333333333333
150 2,0.2
150 31,0.2
150 37,0.1
150 123,0.2
150 148,0.2
150 176,0.1
151 46,0.2
151 53,0.125
151 57,0.025
151 58,0.025
151 59,0.05
151 60,0.025
151 90,0.025
151 97,0.05
151 134,0.075
151 135,0.2
151 139,0.175
151 238,0.025
152 44,0.02857142857142857
152 101,0.14285714285714285
152 103,0.012987012987012988
152 104,0.04155844155844156
152 105,0.07012987012987013
152 106,0.13246753246753246
152 107,0.03896103896103896
152 109,0.05454545454545454
152 110,0.13246753246753246
152 111,0.005194805194805195
152 153,0.07272727272727272
152 154,0.025974025974025976
152 155,0.12207792207792208
152 272,0.05974025974025974
152 317,0.05974025974025974
153 44,0.03076923076923077
153 101,0.14358974358974358
153 103,0.010256410256410256
153 104,0.03076923076923077
153 105,0.08717948717948718
153 106,0.14358974358974358
153 107,0.041025641025641026
153 108,0.03076923076923077
153 110,0.13333333333333333
153 111,0.005128205128205128
153 152,0.14358974358974358
153 154,0.02564102564102564
153 155,0.1282051282051282
153 317,0.046153846153846156
154 44,0.02857142857142857
154 101,0.17142857142857143
154 104,0.04285714285714286
154 106,0.14285714285714285
154 107,0.02857142857142857
154 108,0.05714285714285714
154 109,0.07142857142857142
154 110,0.17142857142857143
154 152,0.14285714285714285
154 153,0.07142857142857142
154 180,0.014285714285714285
154 272,0.05714285714285714
155 43,0.012658227848101266
155 44,0.02278481012658228
155 101,0.13924050632911392
155 104,0.03291139240506329
155 105,0.09367088607594937
155 106,0.1291139240506329
155 107,0.02278481012658228
155 108,0.04556962025316456
155 109,0.05569620253164557
155 110,0.13924050632911392
155 152,0.1189873417721519
155 153,0.06329113924050633
155 180,0.002531645569620253
155 272,0.06329113924050633
155 317,0.05822784810126582
156 2,0.16521739130434782
156 32,0.008695652173913044
156 37,0.0782608695652174
156 93,0.14782608695652175
156 119,0.16521739130434782
156 122,0.08695652173913043
156 123,0.08695652173913043
156 148,0.16521739130434782
156 176,0.017391304347826087
156 241,0.0782608695652174
157 4,0.1
157 6,0.2
157 81,0.1
157 83,0.2
157 95,0.1
157 274,0.1
157 305,0.1
157 315,0.1
158 12,0.03409090909090909
158 13,0.037121212121212124
158 18,0.125
158 46,0.125
158 50,0.07803030303030303
158 53,0.04924242424242424
158 90,0.05378787878787879
158 92,0.08106060606060606
158 94,0.05378787878787879
158 133,0.06136363636363636
158 134,0.0659090909090909
158 135,0.125
158 139,0.08106060606060606
158 196,0.029545454545454545
159 78,0.2
159 270,0.06666666666666667
159 321,0.2
159 343,0.13333333333333333
159 344,0.13333333333333333
159 356,0.06666666666666667
159 357,0.2
160 166,0.09022556390977443
160 243,0.041353383458646614
160 245,0.06766917293233082
160 246,0.10676691729323308
160 250,0.03383458646616541
160 263,0.11428571428571428
160 276,0.11428571428571428
160 277,0.03383458646616541
160 278,0.11428571428571428
160 279,0.011278195488721804
160 280,0.11428571428571428
160 281,0.09022556390977443
160 282,0.06766917293233082
161 13,0.1
161 46,0.2
161 75,0.2
161 90,0.2
161 98,0.2
161 196,0.1
162 21,0.2
162 217,0.2
162 218,0.2
162 261,0.2
162 262,0.2
163 2,0.2
163 6,0.2
163 31,0.2
163 37,0.2
163 123,0.2
164 55,0.2
164 165,0.2
164 166,0.2
164 167,0.2
164 168,0.2
165 54,0.008
165 55,0.152
165 164,0.008
165 166,0.136
165 167,0.144
165 168,0.136
165 245,0.136
165 246,0.136
165 290,0.128
165 291,0.008
165 316,0.008
166 27,0.011811023622047244
166 54,0.0007874015748031496
166 55,0.01653543307086614
166 160,0.09448818897637795
166 164,0.0007874015748031496
166 165,0.013385826771653543
166 167,0.015748031496062992
166 168,0.015748031496062992
166 245,0.07874015748031496
166 246,0.10708661417322834
166 250,0.027559055118110236
166 263,0.10236220472440945
166 276,0.10236220472440945
166 277,0.027559055118110236
166 278,0.10236220472440945
166 279,0.011811023622047244
166 280,0.09448818897637795
166 281,0.09448818897637795
166 282,0.06299212598425197
166 288,0.003937007874015748
166 290,0.014960629921259842
167 55,0.15333333333333332
167 164,0.006666666666666667
167 165,0.12
167 166,0.13333333333333333
167 168,0.14666666666666667
167 245,0.14
167 246,0.11333333333333333
167 287,0.006666666666666667
167 288,0.03333333333333333
167 290,0.13333333333333333
167 291,0.006666666666666667
167 316,0.006666666666666667
168 55,0.15172413793103448
168 164,0.006896551724137931
168 165,0.11724137931034483
168 166,0.13793103448275862
168 167,0.15172413793103448
168 245,0.13793103448275862
168 246,0.1103448275862069
168 287,0.006896551724137931
168 288,0.034482758620689655
168 290,0.13793103448275862
168 316,0.006896551724137931
169 203,0.10160183066361556
169 230,0.018764302059496567
169 240,0.004118993135011442
169 256,0.11578947368421053
169 265,0.016018306636155607
169 266,0.12311212814645309
169 267,0.12311212814645309
169 268,0.10846681922196796
169 304,0.031578947368421054
169 318,0.006864988558352402
169 325,0.005949656750572082
169 334,0.055835240274599546
169 335,0.004118993135011442
169 336,0.0009153318077803204
169 337,0.038901601830663615
169 338,0.032951945080091534
169 339,0.029748283752860413
169 340,0.021052631578947368
169 346,0.08192219679633868
169 348,0.05263157894736842
169 349,0.017848970251716247
169 350,0.004118993135011442
169 352,0.002288329519450801
169 353,0.002288329519450801
170 14,0.2
170 15,0.2
170 16,0.2
170 201,0.2
170 233,0.2
171 17,0.07692307692307693
171 29,0.07692307692307693
171 66,0.07692307692307693
171 68,0.07692307692307693
171 80,0.015384615384615385
171 117,0.16923076923076924
171 132,0.16923076923076924
171 215,0.16923076923076924
171 216,0.16923076923076924
172 121,0.2
172 208,0.2
172 255,0.2
172 260,0.2
172 285,0.2
173 2,0.2
173 6,0.1
173 37,0.2
173 119,0.1
173 122,0.1
173 123,0.1
173 149,0.2
174 2,0.2
174 37,0.2
174 119,0.2
174 148,0.2
174 149,0.2
175 2,0.2
175 6,0.2
175 37,0.2
175 122,0.2
175 149,0.2
176 2,0.15555555555555556
176 6,0.06111111111111111
176 31,0.13333333333333333
176 119,0.07222222222222222
176 122,0.07777777777777778
176 123,0.10555555555555556
176 146,0.12777777777777777
176 147,0.05
176 148,0.16666666666666666
176 150,0.005555555555555556
176 156,0.011111111111111112
176 177,0.011111111111111112
176 179,0.022222222222222223
177 6,0.1
177 119,0.1
177 123,0.2
177 148,0.2
177 176,0.2
177 179,0.2
178 2,0.2
178 37,0.2
178 119,0.2
178 122,0.1
178 123,0.1
178 148,0.2
179 2,0.14285714285714285
179 6,0.08571428571428572
179 32,0.02857142857142857
179 93,0.08571428571428572
179 119,0.11428571428571428
179 123,0.17142857142857143
179 148,0.2
179 176,0.11428571428571428
179 177,0.05714285714285714
180 101,0.2
180 108,0.2
180 109,0.2
180 110,0.2
180 154,0.1
180 155,0.1
181 4,0.2
181 7,0.2
181 83,0.2
181 115,0.2
181 120,0.2
182 52,0.1
182 138,0.2
182 242,0.1
182 243,0.2
182 322,0.2
182 351,0.2
183 203,0.1391304347826087
183 256,0.1391304347826087
183 266,0.14782608695652175
183 267,0.14782608695652175
183 268,0.14782608695652175
183 325,0.008695652173913044
183 338,0.008695652173913044
183 346,0.13043478260869565
183 348,0.13043478260869565
184 185,0.16666666666666666
184 256,0.16666666666666666
184 266,0.16666666666666666
184 267,0.16666666666666666
184 268,0.16666666666666666
184 338,0.16666666666666666
185 184,0.037037037037037035
185 203,0.1111111111111111
185 256,0.14814814814814814
185 266,0.14814814814814814
185 267,0.14814814814814814
185 268,0.14814814814814814
185 338,0.037037037037037035
185 346,0.1111111111111111
185 348,0.1111111111111111
186 96,0.2
186 248,0.2
186 251,0.1
186 256,0.2
186 267,0.2
186 345,0.1
187 12,0.06464646464646465
187 13,0.03434343434343434
187 46,0.1494949494949495
187 53,0.10101010101010101
187 58,0.028282828282828285
187 59,0.046464646464646465
187 90,0.026262626262626262
187 92,0.10505050505050505
187 132,0.04242424242424243
187 133,0.12525252525252525
187 134,0.030303030303030304
187 139,0.10505050505050505
187 189,0.1191919191919192
187 196,0.020202020202020204
187 228,0.00202020202020202
188 12,0.0297029702970297
188 18,0.14455445544554454
188 46,0.14455445544554454
188 50,0.08316831683168317
188 53,0.10891089108910891
188 58,0.02178217821782178
188 59,0.06336633663366337
188 90,0.02178217821782178
188 92,0.11683168316831684
188 97,0.03762376237623762
188 133,0.07722772277227723
188 139,0.11683168316831684
188 196,0.033663366336633666
189 12,0.015364238410596026
189 13,0.037350993377483446
189 18,0.10225165562913907
189 46,0.09245033112582782
189 50,0.05562913907284768
189 53,0.0447682119205298
189 58,0.05377483443708609
189 59,0.05324503311258278
189 90,0.021721854304635763
189 92,0.07231788079470199
189 94,0.06728476821192053
189 133,0.0686092715231788
189 134,0.04900662251655629
189 135,0.10331125827814569
189 139,0.07231788079470199
189 187,0.015629139072847683
189 190,0.04
189 192,0.0010596026490066225
189 196,0.03390728476821192
190 13,0.03381858902575588
190 18,0.11690929451287795
190 20,0.02284434490481523
190 53,0.04479283314669653
190 58,0.03896976483762598
190 59,0.04680851063829787
190 92,0.07838745800671892
190 94,0.08353863381858903
190 97,0.012989921612541993
190 99,0.002463605823068309
190 127,0.00425531914893617
190 132,0.026651735722284433
190 133,0.08040313549832027
190 134,0.04703247480403135
190 135,0.11399776035834266
190 137,0.00022396416573348266
190 139,0.07838745800671892
190 189,0.03381858902575588
190 191,0.06159014557670773
190 196,0.03045912653975364
190 198,0.02306830907054871
190 225,0.0035834266517357225
190 229,0.005375139977603583
190 238,0.005375139977603583
190 284,0.00425531914893617
191 12,0.017974683544303798
191 13,0.03367088607594937
191 18,0.09620253164556962
191 46,0.08962025316455696
191 50,0.06151898734177215
191 51,0.00949367088607595
191 53,0.04949367088607595
191 57,0.009367088607594937
191 58,0.02620253164556962
191 59,0.02949367088607595
191 60,0.019113924050632912
191 90,0.008987341772151899
191 92,0.07253164556962026
191 94,0.06253164556962025
191 97,0.021518987341772152
191 132,0.03784810126582278
191 133,0.055822784810126584
191 134,0.040886075949367086
191 135,0.10746835443037975
191 139,0.06430379746835443
191 190,0.03481012658227848
191 196,0.0310126582278481
191 238,0.011139240506329114
191 284,0.008987341772151899
192 13,0.11666666666666667
192 20,0.03333333333333333
192 50,0.2
192 57,0.06666666666666667
192 58,0.08333333333333333
192 59,0.11666666666666667
192 135,0.2
192 189,0.06666666666666667
192 196,0.08333333333333333
192 198,0.03333333333333333
193 18,0.13506493506493505
193 46,0.15064935064935064
193 51,0.01818181818181818
193 53,0.04415584415584416
193 58,0.03896103896103896
193 59,0.025974025974025976
193 60,0.025974025974025976
193 90,0.012987012987012988
193 92,0.15064935064935064
193 94,0.1012987012987013
193 97,0.05974025974025974
193 134,0.08571428571428572
193 139,0.13506493506493505
193 238,0.012987012987012988
193 284,0.0025974025974025974
194 12,0.06
194 46,0.17333333333333334
194 51,0.06666666666666667
194 53,0.10666666666666667
194 56,0.006666666666666667
194 57,0.04
194 59,0.06666666666666667
194 60,0.04
194 92,0.17333333333333334
194 94,0.06666666666666667
194 133,0.13333333333333333
194 136,0.02
194 223,0.03333333333333333
194 224,0.006666666666666667
194 292,0.006666666666666667
195 12,0.06666666666666667
195 18,0.2
195 46,0.2
195 59,0.06666666666666667
195 90,0.06666666666666667
195 92,0.2
195 139,0.2
196 18,0.1183206106870229
196 46,0.10559796437659033
196 50,0.07099236641221374
196 53,0.05292620865139949
196 57,0.008651399491094147
196 58,0.029516539440203562
196 59,0.04198473282442748
196 60,0.01450381679389313
196 75,0.0027989821882951653
196 90,0.01959287531806616
196 94,0.07073791348600508
196 97,0.017557251908396947
196 98,0.0055979643765903305
196 118,0.0002544529262086514
196 126,0.0002544529262086514
196 127,0.0022900763358778627
196 130,0.0002544529262086514
196 132,0.021374045801526718
196 133,0.058524173027989825
196 134,0.05419847328244275
196 135,0.11475826972010178
196 158,0.009923664122137405
196 161,0.0002544529262086514
196 187,0.002544529262086514
196 188,0.004325699745547073
196 189,0.03256997455470738
196 190,0.03460559796437659
196 191,0.062340966921119595
196 192,0.001272264631043257
196 197,0.009414758269720101
196 198,0.018066157760814248
196 199,0.0005089058524173028
196 229,0.01272264631043257
196 293,0.0002544529262086514
196 300,0.0005089058524173028
197 12,0.03488372093023256
197 13,0.031007751937984496
197 18,0.12403100775193798
197 46,0.13023255813953488
197 51,0.007751937984496124
197 53,0.07286821705426356
197 58,0.030232558139534883
197 59,0.04573643410852713
197 90,0.030232558139534883
197 92,0.08914728682170543
197 97,0.027906976744186046
197 133,0.09069767441860466
197 134,0.043410852713178294
197 135,0.13023255813953488
197 139,0.08294573643410853
197 196,0.02868217054263566
198 12,0.020785219399538105
198 13,0.03741339491916859
198 18,0.11593533487297922
198 46,0.08914549653579677
198 50,0.0558891454965358
198 53,0.06697459584295612
198 59,0.08545034642032333
198 92,0.07436489607390301
198 94,0.07436489607390301
198 133,0.07436489607390301
198 134,0.03279445727482679
198 135,0.11685912240184758
198 139,0.07436489607390301
198 190,0.04757505773672056
198 192,0.0009237875288683603
198 196,0.03279445727482679
199 12,0.1111111111111111
199 18,0.17777777777777778
199 46,0.17777777777777778
199 50,0.044444444444444446
199 53,0.17777777777777778
199 92,0.13333333333333333
199 133,0.13333333333333333
199 196,0.044444444444444446
200 12,0.2
200 13,0.1
200 46,0.2
200 75,0.2
200 98,0.2
200 139,0.1
201 14,0.2
201 15,0.2
201 16,0.2
201 170,0.2
201 233,0.2
202 2,0.2
202 37,0.2
202 93,0.2
202 146,0.2
202 148,0.2
203 169,0.11072319201995012
203 183,0.00798004987531172
203 185,0.007481296758104738
203 230,0.012468827930174564
203 240,0.0024937655860349127
203 256,0.11521197007481297
203 265,0.017456359102244388
203 266,0.12319201995012469
203 267,0.12319201995012469
203 268,0.11321695760598503
203 304,0.02942643391521197
203 318,0.007481296758104738
203 325,0.006982543640897756
203 334,0.045386533665835414
203 335,0.0024937655860349127
203 336,0.0004987531172069825
203 337,0.0344139650872818
203 339,0.024438902743142144
203 340,0.01945137157107232
203 346,0.10124688279301745
203 348,0.06733167082294264
203 349,0.017456359102244388
203 350,0.0024937655860349127
203 352,0.0024937655860349127
203 353,0.0024937655860349127
203 354,0.0024937655860349127
204 2,0.16666666666666666
204 32,0.016666666666666666
204 37,0.15
204 93,0.16666666666666666
204 122,0.08333333333333333
204 123,0.08333333333333333
204 146,0.16666666666666666
204 148,0.16666666666666666
205 2,0.2
205 31,0.2
205 37,0.2
205 122,0.1
205 123,0.1
205 148,0.2
206 2,0.2
206 6,0.2
206 31,0.2
206 37,0.2
206 122,0.1
206 123,0.1
207 2,0.2
207 6,0.2
207 123,0.2
207 148,0.2
207 149,0.2
208 121,0.2
208 172,0.2
208 255,0.2
208 260,0.2
208 285,0.2
209 17,0.025
209 29,0.125
209 68,0.125
209 80,0.025
209 117,0.175
209 132,0.175
209 214,0.175
209 216,0.175
210 17,0.06666666666666667
210 29,0.1
210 66,0.03333333333333333
210 68,0.03333333333333333
210 71,0.16666666666666666
210 80,0.03333333333333333
210 132,0.2
210 211,0.13333333333333333
210 216,0.2
210 341,0.03333333333333333
211 17,0.05
211 29,0.1
211 71,0.15
211 80,0.05
211 132,0.2
211 210,0.2
211 216,0.2
211 341,0.05
212 17,0.12
212 38,0.115
212 49,0.09166666666666666
212 64,0.105
212 66,0.12666666666666668
212 70,0.10833333333333334
212 71,0.12666666666666668
212 117,0.015
212 132,0.08666666666666667
212 213,0.065
212 216,0.03166666666666667
212 347,0.008333333333333333
213 17,0.11475409836065574
213 38,0.12786885245901639
213 49,0.11475409836065574
213 64,0.12786885245901639
213 66,0.12786885245901639
213 70,0.11475409836065574
213 71,0.12786885245901639
213 212,0.12786885245901639
213 347,0.01639344262295082
214 17,0.044444444444444446
214 29,0.1111111111111111
214 66,0.022222222222222223
214 68,0.1111111111111111
214 80,0.022222222222222223
214 117,0.17777777777777778
214 132,0.17777777777777778
214 209,0.15555555555555556
214 216,0.17777777777777778
215 17,0.08571428571428572
215 29,0.07142857142857142
215 66,0.08571428571428572
215 68,0.07142857142857142
215 70,0.014285714285714285
215 80,0.014285714285714285
215 117,0.15714285714285714
215 132,0.17142857142857143
215 171,0.15714285714285714
215 216,0.17142857142857143
216 17,0.1
216 29,0.05277777777777778
216 38,0.041666666666666664
216 66,0.09444444444444444
216 68,0.044444444444444446
216 70,0.058333333333333334
216 71,0.10555555555555556
216 80,0.011111111111111112
216 91,0.044444444444444446
216 117,0.09444444444444444
216 132,0.1638888888888889
216 171,0.030555555555555555
216 209,0.019444444444444445
216 210,0.016666666666666666
216 211,0.011111111111111112
216 212,0.05277777777777778
216 214,0.022222222222222223
216 215,0.03333333333333333
216 341,0.002777777777777778
217 21,0.2
217 162,0.1
217 218,0.2
217 219,0.1
217 261,0.2
217 262,0.2
218 21,0.2
218 162,0.1
218 217,0.2
218 219,0.1
218 261,0.2
218 262,0.2
219 21,0.2
219 217,0.2
219 218,0.2
219 261,0.2
219 262,0.2
220 12,0.16666666666666666
220 18,0.16666666666666666
220 46,0.16666666666666666
220 53,0.16666666666666666
220 135,0.16666666666666666
220 139,0.16666666666666666
221 12,0.16666666666666666
221 46,0.16666666666666666
221 53,0.16666666666666666
221 92,0.16666666666666666
221 133,0.16666666666666666
221 139,0.16666666666666666
222 12,0.03486238532110092
222 13,0.04220183486238532
222 18,0.13027522935779817
222 46,0.13027522935779817
222 50,0.10642201834862386
222 53,0.05871559633027523
222 92,0.10091743119266056
222 94,0.08256880733944955
222 134,0.08256880733944955
222 135,0.13027522935779817
222 139,0.10091743119266056
223 12,0.14285714285714285
223 13,0.014285714285714285
223 46,0.17142857142857143
223 50,0.02857142857142857
223 53,0.15714285714285714
223 92,0.15714285714285714
223 133,0.14285714285714285
223 134,0.014285714285714285
223 139,0.1
223 194,0.07142857142857142
224 12,0.1
224 46,0.2
224 53,0.1
224 90,0.05
224 92,0.2
224 94,0.05
224 134,0.1
224 139,0.15
224 194,0.05
225 13,0.031578947368421054
225 18,0.15789473684210525
225 46,0.1
225 51,0.010526315789473684
225 53,0.06315789473684211
225 92,0.13157894736842105
225 94,0.11578947368421053
225 133,0.11052631578947368
225 134,0.06315789473684211
225 139,0.12631578947368421
225 190,0.08421052631578947
225 283,0.005263157894736842
226 12,0.1
226 46,0.2
226 50,0.1
226 53,0.1
226 94,0.1
226 133,0.1
226 134,0.1
226 135,0.2
227 50,0.2
227 92,0.2
227 94,0.2
227 134,0.2
227 139,0.2
228 13,0.016666666666666666
228 50,0.16666666666666666
228 51,0.03333333333333333
228 53,0.016666666666666666
228 58,0.11666666666666667
228 60,0.05
228 92,0.16666666666666666
228 94,0.15
228 134,0.13333333333333333
228 139,0.13333333333333333
228 187,0.016666666666666666
229 12,0.012244897959183673
229 18,0.12244897959183673
229 46,0.10857142857142857
229 50,0.10040816326530612
229 53,0.04897959183673469
229 60,0.05795918367346939
229 90,0.036734693877551024
229 92,0.0963265306122449
229 94,0.06857142857142857
229 134,0.06857142857142857
229 135,0.12244897959183673
229 139,0.0963265306122449
229 190,0.019591836734693877
229 196,0.04081632653061224
230 116,0.006349206349206349
230 169,0.13015873015873017
230 203,0.07936507936507936
230 256,0.1365079365079365
230 266,0.13015873015873017
230 267,0.13015873015873017
230 334,0.1365079365079365
230 337,0.08253968253968254
230 338,0.08571428571428572
230 339,0.08253968253968254
231 12,0.1111111111111111
231 18,0.17777777777777778
231 50,0.044444444444444446
231 53,0.13333333333333333
231 90,0.044444444444444446
231 92,0.17777777777777778
231 133,0.13333333333333333
231 139,0.17777777777777778
232 24,0.2
232 26,0.2
232 33,0.2
232 42,0.06666666666666667
232 100,0.06666666666666667
232 253,0.06666666666666667
232 258,0.2
233 14,0.2
233 15,0.2
233 16,0.2
233 170,0.2
233 201,0.2
234 73,0.16666666666666666
234 76,0.16666666666666666
234 77,0.16666666666666666
234 86,0.16666666666666666
234 87,0.16666666666666666
234 286,0.16666666666666666
235 1,0.2
235 236,0.2
235 244,0.2
235 254,0.1
235 275,0.2
235 342,0.1
236 1,0.2
236 235,0.2
236 244,0.2
236 254,0.1
236 275,0.2
236 342,0.1
237 18,0.16666666666666666
237 46,0.16666666666666666
237 53,0.16666666666666666
237 92,0.16666666666666666
237 133,0.16666666666666666
237 139,0.16666666666666666
238 12,0.06134969325153374
238 13,0.0392638036809816
238 18,0.12392638036809817
238 20,0.020858895705521473
238 46,0.09815950920245399
238 50,0.06748466257668712
238 51,0.007361963190184049
238 53,0.10920245398773006
238 92,0.10306748466257669
238 135,0.1263803680981595
238 139,0.09815950920245399
238 151,0.001226993865030675
238 190,0.029447852760736196
238 191,0.10797546012269939
238 193,0.006134969325153374
239 12,0.1
239 46,0.2
239 51,0.1
239 53,0.1
239 92,0.2
239 94,0.1
239 135,0.2
240 169,0.16363636363636364
240 203,0.09090909090909091
240 256,0.16363636363636364
240 266,0.16363636363636364
240 267,0.16363636363636364
240 268,0.16363636363636364
240 338,0.09090909090909091
241 2,0.16326530612244897
241 6,0.044897959183673466
241 93,0.13877551020408163
241 119,0.08979591836734693
241 122,0.08163265306122448
241 123,0.09795918367346938
241 146,0.09387755102040816
241 147,0.044897959183673466
241 148,0.16326530612244897
241 149,0.024489795918367346
241 156,0.036734693877551024
241 264,0.02040816326530612
242 138,0.2
242 182,0.2
242 243,0.2
242 322,0.2
242 351,0.2
243 27,0.02912621359223301
243 52,0.001941747572815534
243 138,0.003883495145631068
243 160,0.10679611650485436
243 182,0.003883495145631068
243 242,0.001941747572815534
243 245,0.08737864077669903
243 246,0.1262135922330097
243 250,0.02912621359223301
243 263,0.1262135922330097
243 276,0.1262135922330097
243 277,0.02912621359223301
243 278,0.1262135922330097
243 280,0.10679611650485436
243 282,0.08737864077669903
243 322,0.003883495145631068
243 351,0.003883495145631068
244 1,0.2
244 235,0.2
244 236,0.2
244 254,0.1
244 275,0.2
244 342,0.1
245 27,0.023255813953488372
245 54,0.0009302325581395349
245 55,0.020465116279069766
245 160,0.08372093023255814
245 165,0.01581395348837209
245 166,0.09302325581395349
245 167,0.01953488372093023
245 168,0.018604651162790697
245 243,0.04186046511627907
245 246,0.11534883720930232
245 263,0.0986046511627907
245 276,0.0986046511627907
245 278,0.0986046511627907
245 280,0.08372093023255814
245 281,0.06511627906976744
245 282,0.0986046511627907
245 287,0.0009302325581395349
245 288,0.004651162790697674
245 290,0.017674418604651163
245 291,0.0009302325581395349
246 27,0.016666666666666666
246 54,0.0006666666666666666
246 55,0.012
246 160,0.09466666666666666
246 165,0.011333333333333334
246 166,0.09066666666666667
246 167,0.011333333333333334
246 168,0.010666666666666666
246 243,0.043333333333333335
246 245,0.08266666666666667
246 250,0.03
246 263,0.10533333333333333
246 276,0.10533333333333333
246 277,0.03
246 278,0.10533333333333333
246 280,0.09466666666666666
246 281,0.07333333333333333
246 282,0.07066666666666667
246 287,0.0006666666666666666
246 290,0.01
246 291,0.0006666666666666666
247 12,0.2
247 18,0.2
247 46,0.2
247 53,0.2
247 92,0.2
248 96,0.2
248 186,0.2
248 251,0.1
248 256,0.2
248 267,0.2
248 345,0.1
249 6,0.2
249 8,0.2
249 24,0.2
249 41,0.2
249 113,0.2
250 160,0.1267605633802817
250 166,0.09859154929577464
250 243,0.04225352112676056
250 246,0.1267605633802817
250 263,0.1267605633802817
250 276,0.1267605633802817
250 278,0.1267605633802817
250 280,0.1267605633802817
250 281,0.09859154929577464
251 96,0.2
251 186,0.2
251 248,0.2
251 256,0.2
251 267,0.2
252 9,0.2
252 34,0.2
252 84,0.1
252 85,0.2
252 114,0.2
252 320,0.1
253 24,0.2
253 26,0.2
253 33,0.2
253 232,0.06666666666666667
253 257,0.13333333333333333
253 258,0.13333333333333333
253 259,0.06666666666666667
254 1,0.2
254 235,0.2
254 236,0.2
254 244,0.2
254 275,0.2
255 121,0.2
255 172,0.2
255 208,0.2
255 260,0.2
255 285,0.2
256 96,0.0008639308855291577
256 116,0.0008639308855291577
256 169,0.10928725701943845
256 183,0.006911447084233261
256 184,0.0021598272138228943
256 185,0.008639308855291577
256 186,0.0008639308855291577
256 203,0.09978401727861771
256 230,0.018574514038876888
256 240,0.0038876889848812094
256 248,0.0008639308855291577
256 251,0.00043196544276457883
256 265,0.01511879049676026
256 266,0.12224622030237581
256 267,0.12311015118790497
256 268,0.10842332613390929
256 304,0.028077753779697623
256 318,0.0064794816414686825
256 334,0.05356371490280778
256 335,0.0038876889848812094
256 337,0.035421166306695465
256 338,0.03412526997840173
256 339,0.02678185745140389
256 340,0.019870410367170625
256 345,0.00043196544276457883
256 346,0.0859611231101512
256 348,0.058315334773218146
256 349,0.016846652267818573
256 350,0.0038876889848812094
256 353,0.0021598272138228943
256 354,0.0021598272138228943
257 24,0.2
257 26,0.2
257 33,0.2
257 253,0.2
257 258,0.1
257 259,0.1
258 24,0.2
258 26,0.2
258 33,0.2
258 42,0.08
258 100,0.04
258 129,0.04
258 232,0.12
258 253,0.08
258 257,0.04
259 24,0.2
259 26,0.2
259 33,0.2
259 253,0.2
259 257,0.2
260 121,0.2
260 172,0.2
260 208,0.2
260 255,0.2
260 285,0.2
261 21,0.2
261 162,0.1
261 217,0.2
261 218,0.2
261 219,0.1
261 262,0.2
262 21,0.2
262 162,0.1
262 217,0.2
262 218,0.2
262 219,0.1
262 261,0.2
263 27,0.01718213058419244
263 160,0.10446735395189004
263 166,0.08934707903780069
263 243,0.044673539518900345
263 245,0.07285223367697595
263 246,0.10859106529209622
263 250,0.030927835051546393
263 276,0.1154639175257732
263 277,0.030927835051546393
263 278,0.1154639175257732
263 279,0.010309278350515464
263 280,0.10446735395189004
263 281,0.08247422680412371
263 282,0.07285223367697595
264 2,0.16666666666666666
264 93,0.16666666666666666
264 119,0.16666666666666666
264 123,0.16666666666666666
264 148,0.16666666666666666
264 241,0.16666666666666666
265 169,0.125
265 203,0.125
265 256,0.125
265 266,0.125
265 267,0.125
265 268,0.125
265 346,0.125
265 348,0.125
266 169,0.11208333333333333
266 183,0.007083333333333333
266 184,0.0020833333333333333
266 185,0.008333333333333333
266 203,0.10291666666666667
266 230,0.017083333333333332
266 240,0.00375
266 256,0.11791666666666667
266 265,0.014583333333333334
266 267,0.125
266 268,0.11166666666666666
266 304,0.02875
266 318,0.00625
266 325,0.005833333333333334
266 334,0.050833333333333335
266 335,0.00375
266 336,0.0008333333333333334
266 337,0.035416666666666666
266 338,0.0325
266 339,0.027083333333333334
266 340,0.019166666666666665
266 346,0.08458333333333333
266 348,0.05625
266 349,0.01625
266 350,0.00375
266 352,0.0020833333333333333
266 353,0.0020833333333333333
266 354,0.0020833333333333333
267 96,0.0008298755186721991
267 169,0.1116182572614108
267 183,0.007053941908713693
267 184,0.002074688796680498
267 185,0.008298755186721992
267 186,0.0008298755186721991
267 203,0.1024896265560166
267 230,0.01701244813278008
267 240,0.0037344398340248964
267 248,0.0008298755186721991
267 251,0.0004149377593360996
267 256,0.11825726141078838
267 265,0.014522821576763486
267 266,0.12448132780082988
267 268,0.11120331950207468
267 304,0.02863070539419087
267 318,0.006224066390041493
267 325,0.005809128630705394
267 334,0.05062240663900415
267 335,0.0037344398340248964
267 336,0.0008298755186721991
267 337,0.035269709543568464
267 338,0.03236514522821577
267 339,0.026970954356846474
267 340,0.019087136929460582
267 345,0.0004149377593360996
267 346,0.08423236514522822
267 348,0.056016597510373446
267 349,0.016182572614107885
267 350,0.0037344398340248964
267 352,0.002074688796680498
267 353,0.002074688796680498
267 354,0.002074688796680498
268 169,0.11023255813953488
268 183,0.007906976744186046
268 184,0.002325581395348837
268 185,0.009302325581395349
268 203,0.1055813953488372
268 240,0.004186046511627907
268 256,0.11674418604651163
268 265,0.01627906976744186
268 266,0.12465116279069767
268 267,0.12465116279069767
268 304,0.03209302325581395
268 318,0.0069767441860465115
268 325,0.0065116279069767444
268 334,0.045116279069767444
268 336,0.0009302325581395349
268 337,0.03209302325581395
268 338,0.026976744186046512
268 339,0.022790697674418603
268 340,0.01813953488372093
268 346,0.0944186046511628
268 348,0.06279069767441861
268 349,0.01813953488372093
268 350,0.004186046511627907
268 352,0.002325581395348837
268 353,0.002325581395348837
268 354,0.002325581395348837
269 12,0.11875
269 13,0.0375
269 18,0.15
269 46,0.15
269 53,0.11875
269 90,0.0375
269 92,0.11875
269 133,0.15
269 139,0.11875
270 78,0.2
270 159,0.1
270 321,0.2
270 344,0.2
270 355,0.1
270 357,0.2
271 12,0.175
271 13,0.025
271 18,0.15
271 46,0.175
271 89,0.025
271 92,0.15
271 133,0.15
271 139,0.15
272 43,0.02631578947368421
272 101,0.16842105263157894
272 103,0.010526315789473684
272 104,0.031578947368421054
272 105,0.06842105263157895
272 106,0.14210526315789473
272 107,0.042105263157894736
272 108,0.05263157894736842
272 110,0.13157894736842105
272 111,0.005263157894736842
272 152,0.12105263157894737
272 154,0.021052631578947368
272 155,0.13157894736842105
272 317,0.04736842105263158
273 18,0.2
273 50,0.2
273 53,0.2
273 92,0.2
273 139,0.2
274 6,0.2
274 83,0.2
274 95,0.2
274 157,0.2
274 315,0.2
275 1,0.2
275 235,0.2
275 236,0.2
275 244,0.2
275 254,0.1
275 342,0.1
276 27,0.01718213058419244
276 160,0.10446735395189004
276 166,0.08934707903780069
276 243,0.044673539518900345
276 245,0.07285223367697595
276 246,0.10859106529209622
276 250,0.030927835051546393
276 263,0.1154639175257732
276 277,0.030927835051546393
276 278,0.1154639175257732
276 279,0.010309278350515464
276 280,0.10446735395189004
276 281,0.08247422680412371
276 282,0.07285223367697595
277 160,0.1267605633802817
277 166,0.09859154929577464
277 243,0.04225352112676056
277 246,0.1267605633802817
277 263,0.1267605633802817
277 276,0.1267605633802817
277 278,0.1267605633802817
277 280,0.1267605633802817
277 281,0.09859154929577464
278 27,0.01718213058419244
278 160,0.10446735395189004
278 166,0.08934707903780069
278 243,0.044673539518900345
278 245,0.07285223367697595
278 246,0.10859106529209622
278 250,0.030927835051546393
278 263,0.1154639175257732
278 276,0.1154639175257732
278 277,0.030927835051546393
278 279,0.010309278350515464
278 280,0.10446735395189004
278 281,0.08247422680412371
278 282,0.07285223367697595
279 160,0.14285714285714285
279 166,0.14285714285714285
279 263,0.14285714285714285
279 276,0.14285714285714285
279 278,0.14285714285714285
279 280,0.14285714285714285
279 281,0.14285714285714285
280 160,0.11428571428571428
280 166,0.09022556390977443
280 243,0.041353383458646614
280 245,0.06766917293233082
280 246,0.10676691729323308
280 250,0.03383458646616541
280 263,0.11428571428571428
280 276,0.11428571428571428
280 277,0.03383458646616541
280 278,0.11428571428571428
280 279,0.011278195488721804
280 281,0.09022556390977443
280 282,0.06766917293233082
281 160,0.11374407582938388
281 166,0.11374407582938388
281 245,0.06635071090047394
281 246,0.10426540284360189
281 250,0.03317535545023697
281 263,0.11374407582938388
281 276,0.11374407582938388
281 277,0.03317535545023697
281 278,0.11374407582938388
281 279,0.014218009478672985
281 280,0.11374407582938388
281 282,0.06635071090047394
282 27,0.026881720430107527
282 160,0.0967741935483871
282 166,0.08602150537634409
282 243,0.04838709677419355
282 245,0.11397849462365592
282 246,0.11397849462365592
282 263,0.11397849462365592
282 276,0.11397849462365592
282 278,0.11397849462365592
282 280,0.0967741935483871
282 281,0.07526881720430108
283 12,0.05
283 18,0.16666666666666666
283 46,0.18333333333333332
283 50,0.11666666666666667
283 53,0.13333333333333333
283 60,0.08333333333333333
283 90,0.016666666666666666
283 136,0.016666666666666666
283 139,0.18333333333333332
283 225,0.016666666666666666
283 284,0.03333333333333333
284 12,0.08214285714285714
284 13,0.04107142857142857
284 18,0.13214285714285715
284 46,0.10892857142857143
284 50,0.03571428571428571
284 92,0.1
284 133,0.10357142857142858
284 135,0.12678571428571428
284 139,0.10357142857142858
284 190,0.033928571428571426
284 191,0.12678571428571428
284 193,0.0017857142857142857
284 283,0.0035714285714285713
285 121,0.2
285 172,0.2
285 208,0.2
285 255,0.2
285 260,0.2
286 73,0.16666666666666666
286 76,0.16666666666666666
286 77,0.16666666666666666
286 86,0.16666666666666666
286 87,0.16666666666666666
286 234,0.16666666666666666
287 55,0.2
287 167,0.2
287 168,0.2
287 245,0.2
287 246,0.2
288 55,0.16666666666666666
288 166,0.16666666666666666
288 167,0.16666666666666666
288 168,0.16666666666666666
288 245,0.16666666666666666
288 290,0.16666666666666666
289 12,0.2
289 18,0.1
289 46,0.2
289 53,0.2
289 89,0.1
289 92,0.2
290 55,0.14814814814814814
290 165,0.11851851851851852
290 166,0.14074074074074075
290 167,0.14814814814814814
290 168,0.14814814814814814
290 245,0.14074074074074075
290 246,0.1111111111111111
290 288,0.037037037037037035
290 316,0.007407407407407408
291 55,0.2
291 165,0.2
291 167,0.2
291 245,0.2
291 246,0.2
292 12,0.15
292 18,0.15
292 46,0.175
292 53,0.15
292 90,0.025
292 92,0.175
292 139,0.15
292 194,0.025
293 12,0.08571428571428572
293 13,0.02857142857142857
293 18,0.17142857142857143
293 46,0.17142857142857143
293 50,0.1
293 53,0.17142857142857143
293 92,0.12857142857142856
293 139,0.12857142857142856
293 196,0.014285714285714285
294 46,0.2
294 53,0.2
294 133,0.2
294 135,0.2
294 139,0.2
295 12,0.2
295 46,0.2
295 53,0.2
295 92,0.2
295 139,0.2
296 12,0.2
296 46,0.2
296 92,0.2
296 133,0.2
296 139,0.2
297 18,0.2
297 46,0.2
297 53,0.2
297 135,0.2
297 139,0.2
298 12,0.15
298 13,0.025
298 46,0.175
298 53,0.15
298 92,0.15
298 94,0.025
298 133,0.175
298 139,0.15
299 12,0.16666666666666666
299 18,0.16666666666666666
299 46,0.16666666666666666
299 53,0.16666666666666666
299 92,0.16666666666666666
299 139,0.16666666666666666
300 12,0.10714285714285714
300 18,0.15
300 46,0.15
300 53,0.11428571428571428
300 90,0.04285714285714286
300 92,0.1357142857142857
300 133,0.15
300 139,0.1357142857142857
300 196,0.014285714285714285
301 12,0.2
301 18,0.2
301 46,0.2
301 53,0.2
301 92,0.2
302 12,0.17142857142857143
302 13,0.02857142857142857
302 46,0.17142857142857143
302 53,0.17142857142857143
302 92,0.14285714285714285
302 133,0.17142857142857143
302 139,0.14285714285714285
303 12,0.2
303 46,0.2
303 53,0.2
303 92,0.2
303 139,0.2
304 169,0.12432432432432433
304 203,0.1063063063063063
304 256,0.11711711711711711
304 266,0.12432432432432433
304 267,0.12432432432432433
304 268,0.12432432432432433
304 325,0.009009009009009009
304 334,0.08108108108108109
304 338,0.02702702702702703
304 346,0.0990990990990991
304 348,0.06306306306306306
305 4,0.2
305 6,0.2
305 81,0.2
305 83,0.2
305 157,0.2
306 46,0.2
306 53,0.2
306 56,0.2
306 89,0.2
306 139,0.2
307 12,0.16666666666666666
307 46,0.16666666666666666
307 53,0.16666666666666666
307 92,0.16666666666666666
307 133,0.16666666666666666
307 139,0.16666666666666666
308 12,0.2
308 13,0.2
308 18,0.2
308 46,0.2
308 53,0.2
309 10,0.16
309 11,0.16
309 74,0.16
309 310,0.16
309 311,0.09
309 312,0.09
309 313,0.09
309 314,0.09
310 10,0.16
310 11,0.16
310 74,0.16
310 309,0.16
310 311,0.09
310 312,0.09
310 313,0.09
310 314,0.09
311 10,0.16363636363636364
311 11,0.16363636363636364
311 74,0.16363636363636364
311 309,0.16363636363636364
311 310,0.16363636363636364
311 313,0.09090909090909091
311 314,0.09090909090909091
312 10,0.16363636363636364
312 11,0.16363636363636364
312 74,0.16363636363636364
312 309,0.16363636363636364
312 310,0.16363636363636364
312 313,0.09090909090909091
312 314,0.09090909090909091
313 10,0.16363636363636364
313 11,0.16363636363636364
313 74,0.16363636363636364
313 309,0.16363636363636364
313 310,0.16363636363636364
313 311,0.09090909090909091
313 312,0.09090909090909091
314 10,0.16363636363636364
314 11,0.16363636363636364
314 74,0.16363636363636364
314 309,0.16363636363636364
314 310,0.16363636363636364
314 311,0.09090909090909091
314 312,0.09090909090909091
315 6,0.2
315 83,0.2
315 95,0.2
315 157,0.2
315 274,0.2
316 55,0.2
316 165,0.2
316 167,0.2
316 168,0.2
316 290,0.2
317 101,0.15862068965517243
317 104,0.0896551724137931
317 106,0.0896551724137931
317 109,0.06206896551724138
317 110,0.15862068965517243
317 152,0.15862068965517243
317 153,0.06206896551724138
317 155,0.15862068965517243
317 272,0.06206896551724138
318 169,0.14285714285714285
318 203,0.14285714285714285
318 256,0.14285714285714285
318 266,0.14285714285714285
318 267,0.14285714285714285
318 268,0.14285714285714285
318 346,0.14285714285714285
319 18,0.2
319 46,0.2
319 50,0.1
319 53,0.2
319 133,0.1
319 139,0.2
320 9,0.2
320 34,0.2
320 85,0.2
320 114,0.2
320 252,0.2
321 78,0.2
321 159,0.1
321 270,0.06666666666666667
321 343,0.13333333333333333
321 344,0.13333333333333333
321 355,0.1
321 356,0.06666666666666667
321 357,0.2
322 52,0.1
322 138,0.2
322 182,0.2
322 242,0.1
322 243,0.2
322 351,0.2
323 12,0.059375
323 13,0.040625
323 18,0.140625
323 46,0.140625
323 58,0.059375
323 90,0.059375
323 92,0.109375
323 133,0.140625
323 135,0.140625
323 139,0.109375
324 12,0.2
324 46,0.2
324 53,0.2
324 92,0.2
324 139,0.2
325 169,0.15294117647058825
325 183,0.011764705882352941
325 203,0.16470588235294117
325 266,0.16470588235294117
325 267,0.16470588235294117
325 268,0.16470588235294117
325 304,0.058823529411764705
325 337,0.058823529411764705
325 339,0.058823529411764705
326 12,0.16666666666666666
326 18,0.16666666666666666
326 46,0.16666666666666666
326 92,0.16666666666666666
326 133,0.16666666666666666
326 139,0.16666666666666666
327 12,0.2
327 46,0.2
327 53,0.2
327 92,0.2
327 139,0.2
328 12,0.2
328 46,0.2
328 53,0.2
328 92,0.2
328 139,0.2
329 12,0.2
329 46,0.2
329 53,0.2
329 92,0.2
329 139,0.2
330 12,0.2
330 46,0.2
330 53,0.2
330 92,0.2
330 139,0.2
331 12,0.2
331 46,0.2
331 53,0.2
331 92,0.2
331 139,0.2
332 12,0.2
332 46,0.2
332 92,0.2
332 133,0.2
332 139,0.2
333 12,0.2
333 13,0.1
333 18,0.2
333 53,0.2
333 133,0.2
333 139,0.1
334 116,0.00196078431372549
334 169,0.11960784313725491
334 203,0.0892156862745098
334 230,0.04215686274509804
334 256,0.12156862745098039
334 266,0.11960784313725491
334 267,0.11960784313725491
334 268,0.09509803921568627
334 304,0.04411764705882353
334 337,0.060784313725490195
334 338,0.05196078431372549
334 339,0.060784313725490195
334 346,0.07352941176470588
335 169,0.16363636363636364
335 203,0.09090909090909091
335 256,0.16363636363636364
335 266,0.16363636363636364
335 267,0.16363636363636364
335 338,0.09090909090909091
335 340,0.16363636363636364
336 169,0.2
336 203,0.1
336 266,0.2
336 267,0.2
336 268,0.2
336 338,0.1
337 116,0.00145985401459854
337 169,0.12408759124087591
337 203,0.10072992700729927
337 230,0.03795620437956204
337 256,0.11970802919708029
337 266,0.12408759124087591
337 267,0.12408759124087591
337 268,0.10072992700729927
337 325,0.0072992700729927005
337 334,0.0905109489051095
337 338,0.03795620437956204
337 346,0.08029197080291971
337 348,0.051094890510948905
338 116,0.0036036036036036037
338 169,0.12972972972972974
338 183,0.0018018018018018018
338 184,0.009009009009009009
338 185,0.009009009009009009
338 230,0.04864864864864865
338 240,0.009009009009009009
338 256,0.14234234234234233
338 266,0.14054054054054055
338 267,0.14054054054054055
338 268,0.1045045045045045
338 304,0.02702702702702703
338 334,0.09549549549549549
338 335,0.009009009009009009
338 336,0.0018018018018018018
338 337,0.04684684684684685
338 339,0.04684684684684685
338 340,0.016216216216216217
338 349,0.009009009009009009
338 350,0.009009009009009009
339 116,0.00196078431372549
339 169,0.12745098039215685
339 203,0.09607843137254903
339 230,0.050980392156862744
339 256,0.12156862745098039
339 266,0.12745098039215685
339 267,0.12745098039215685
339 268,0.09607843137254903
339 325,0.00980392156862745
339 334,0.12156862745098039
339 338,0.050980392156862744
339 346,0.06862745098039216
340 169,0.13142857142857142
340 203,0.11142857142857143
340 256,0.13142857142857142
340 266,0.13142857142857142
340 267,0.13142857142857142
340 268,0.11142857142857143
340 335,0.025714285714285714
340 338,0.025714285714285714
340 346,0.1
340 348,0.1
341 29,0.2
341 132,0.2
341 210,0.2
341 211,0.2
341 216,0.2
342 1,0.2
342 235,0.2
342 236,0.2
342 244,0.2
342 275,0.2
343 78,0.2
343 159,0.1
343 321,0.2
343 344,0.1
343 355,0.1
343 356,0.1
343 357,0.2
344 78,0.2
344 159,0.1
344 270,0.1
344 321,0.2
344 343,0.1
344 355,0.1
344 357,0.2
345 96,0.2
345 186,0.2
345 248,0.2
345 256,0.2
345 267,0.2
346 169,0.10498533724340176
346 183,0.008797653958944282
346 185,0.008797653958944282
346 203,0.11906158357771261
346 256,0.11671554252199413
346 265,0.020527859237536656
346 266,0.11906158357771261
346 267,0.11906158357771261
346 268,0.11906158357771261
346 304,0.03225806451612903
346 318,0.008797653958944282
346 334,0.04398826979472141
346 337,0.03225806451612903
346 339,0.020527859237536656
346 340,0.020527859237536656
346 348,0.07917888563049853
346 349,0.020527859237536656
346 352,0.002932551319648094
346 354,0.002932551319648094
347 38,0.16666666666666666
347 64,0.16666666666666666
347 66,0.16666666666666666
347 71,0.16666666666666666
347 212,0.16666666666666666
347 213,0.16666666666666666
348 169,0.10176991150442478
348 183,0.01327433628318584
348 185,0.01327433628318584
348 203,0.11946902654867257
348 256,0.11946902654867257
348 265,0.030973451327433628
348 266,0.11946902654867257
348 267,0.11946902654867257
348 268,0.11946902654867257
348 304,0.030973451327433628
348 337,0.030973451327433628
348 340,0.030973451327433628
348 346,0.11946902654867257
348 349,0.030973451327433628
349 169,0.12786885245901639
349 203,0.11475409836065574
349 256,0.12786885245901639
349 266,0.12786885245901639
349 267,0.12786885245901639
349 268,0.12786885245901639
349 338,0.01639344262295082
349 346,0.11475409836065574
349 348,0.11475409836065574
350 169,0.16363636363636364
350 203,0.09090909090909091
350 256,0.16363636363636364
350 266,0.16363636363636364
350 267,0.16363636363636364
350 268,0.16363636363636364
350 338,0.09090909090909091
351 52,0.1
351 138,0.2
351 182,0.2
351 242,0.1
351 243,0.2
351 322,0.2
352 169,0.16666666666666666
352 203,0.16666666666666666
352 266,0.16666666666666666
352 267,0.16666666666666666
352 268,0.16666666666666666
352 346,0.16666666666666666
353 169,0.16666666666666666
353 203,0.16666666666666666
353 256,0.16666666666666666
353 266,0.16666666666666666
353 267,0.16666666666666666
353 268,0.16666666666666666
354 203,0.16666666666666666
354 256,0.16666666666666666
354 266,0.16666666666666666
354 267,0.16666666666666666
354 268,0.16666666666666666
354 346,0.16666666666666666
355 78,0.2
355 270,0.06666666666666667
355 321,0.2
355 343,0.13333333333333333
355 344,0.13333333333333333
355 356,0.06666666666666667
355 357,0.2
356 78,0.2
356 159,0.1
356 321,0.2
356 343,0.2
356 355,0.1
356 357,0.2
357 78,0.2
357 159,0.1
357 270,0.06666666666666667
357 321,0.2
357 343,0.13333333333333333
357 344,0.13333333333333333
357 355,0.1
357 356,0.06666666666666667
