3 356,2
3 1021,1
3 3518,1
7 356,1
7 511,1
7 1322,4
7 1945,1
7 2289,1
7 2805,1
7 4692,1
8 293,2
8 755,1
8 1021,1
8 1309,1
8 1318,1
12 356,1
12 464,18
12 1025,1
12 1031,1
12 1054,1
12 1644,1
12 3047,1
12 3325,1
12 3432,1
12 3488,1
12 3960,1
12 4693,1
12 4696,1
12 4699,1
12 4707,1
12 4708,1
12 4709,1
12 4714,1
12 4726,1
12 4729,1
12 4730,1
19 447,3
19 905,1
19 1767,1
19 6485,1
24 56,98
24 107,1
24 134,1
24 198,1
24 212,1
24 298,1
24 306,1
24 358,1
24 423,1
24 474,1
24 497,1
24 509,1
24 510,1
24 511,1
24 512,30
24 600,1
24 620,1
24 720,2
24 726,2
24 769,1
24 841,1
24 848,1
24 924,2
24 1175,2
24 1322,4
24 1384,2
24 1395,1
24 1467,1
24 1741,1
24 1991,1
24 2021,2
24 2023,2
24 2027,2
24 2040,1
24 2053,2
24 2136,1
24 2138,1
24 2192,1
24 2215,1
24 2245,1
24 2289,2
24 2291,2
24 2345,2
24 2385,1
24 2511,1
24 2512,1
24 2728,3
24 2820,2
24 2836,2
24 2864,1
24 3071,1
24 3132,1
24 3198,1
24 3374,2
24 3375,2
24 3376,2
24 3380,2
24 3383,2
24 3388,2
24 3389,2
24 3390,2
24 3391,2
24 3395,2
24 3397,2
24 3401,2
24 3406,2
24 3410,2
24 3417,2
24 3422,2
24 3616,1
24 3664,1
24 4516,1
24 4744,1
24 4862,1
24 4979,1
24 5105,1
24 5471,1
24 5565,1
24 5786,1
24 5803,1
24 5841,1
24 5860,1
24 5970,1
24 5972,1
24 6203,1
24 6252,1
24 6498,1
24 6903,1
24 6904,1
24 6905,1
24 6906,1
24 6907,1
24 6908,1
24 6909,1
24 6910,1
24 6911,1
24 6912,1
24 6913,1
24 6914,1
25 228,1
25 512,16
25 726,2
25 1126,1
25 1322,2
25 1525,1
25 2023,1
25 2027,1
25 2239,1
25 2289,1
25 2742,1
25 2805,2
25 2836,1
25 3094,1
25 3386,1
25 3388,1
25 3392,1
25 3398,1
25 3404,1
25 3422,1
26 512,108
26 559,1
26 560,1
26 588,1
26 720,1
26 726,1
26 755,1
26 924,1
26 958,1
26 1071,1
26 1126,1
26 1172,1
26 1175,1
26 1267,1
26 1384,1
26 1414,1
26 1447,1
26 1473,1
26 1525,1
26 1622,1
26 1777,1
26 1860,1
26 2019,1
26 2021,1
26 2023,1
26 2027,1
26 2053,1
26 2239,1
26 2291,1
26 2297,1
26 2335,1
26 2345,1
26 2662,1
26 2665,1
26 2727,1
26 2728,1
26 2742,1
26 2805,1
26 2808,1
26 2809,1
26 2836,1
26 2907,1
26 2936,1
26 2975,1
26 3094,1
26 3105,1
26 3215,1
26 3245,1
26 3286,1
26 3287,1
26 3364,1
26 3365,1
26 3366,1
26 3367,1
26 3368,1
26 3369,1
26 3370,1
26 3371,1
26 3372,1
26 3373,1
26 3374,1
26 3375,1
26 3376,1
26 3377,1
26 3378,1
26 3379,1
26 3380,1
26 3381,1
26 3382,1
26 3383,1
26 3384,1
26 3385,1
26 3386,1
26 3387,1
26 3388,1
26 3389,1
26 3390,1
26 3391,1
26 3392,1
26 3393,1
26 3394,1
26 3395,1
26 3396,1
26 3397,1
26 3398,1
26 3399,1
26 3400,1
26 3401,1
26 3402,1
26 3403,1
26 3404,1
26 3405,1
26 3406,1
26 3407,1
26 3408,1
26 3409,1
26 3410,1
26 3411,1
26 3412,1
26 3413,1
26 3414,1
26 3415,1
26 3416,1
26 3417,1
26 3418,1
26 3419,1
26 3420,1
26 3421,1
26 3422,1
27 512,9
27 726,1
27 1126,1
27 1172,1
27 1525,1
27 2023,1
27 2027,1
27 2805,1
27 3387,1
27 3422,1
28 512,19
28 560,1
28 726,1
28 755,1
28 1126,1
28 1175,1
28 1267,1
28 2023,1
28 2027,1
28 2345,1
28 2665,1
28 2805,1
28 2936,1
28 3286,1
28 3374,1
28 3378,1
28 3390,1
28 3415,1
28 3419,1
28 3422,1
29 512,89
29 559,1
29 588,1
29 720,1
29 726,1
29 755,1
29 924,1
29 958,1
29 1071,1
29 1126,1
29 1172,1
29 1267,1
29 1384,1
29 1447,1
29 1473,1
29 1525,1
29 1622,1
29 1777,1
29 1860,1
29 2019,1
29 2021,1
29 2023,1
29 2027,1
29 2053,1
29 2297,1
29 2345,1
29 2662,1
29 2665,1
29 2808,1
29 2809,1
29 2836,1
29 2907,1
29 2936,1
29 2975,1
29 3105,1
29 3215,1
29 3245,1
29 3286,1
29 3287,1
29 3364,1
29 3365,1
29 3366,1
29 3367,1
29 3368,1
29 3369,1
29 3370,1
29 3371,1
29 3372,1
29 3373,1
29 3374,1
29 3375,1
29 3376,1
29 3378,1
29 3380,1
29 3381,1
29 3382,1
29 3383,1
29 3386,1
29 3387,1
29 3388,1
29 3389,1
29 3390,1
29 3391,1
29 3392,1
29 3393,1
29 3394,1
29 3395,1
29 3396,1
29 3397,1
29 3398,1
29 3399,1
29 3401,1
29 3402,1
29 3403,1
29 3404,1
29 3405,1
29 3406,1
29 3407,1
29 3408,1
29 3409,1
29 3410,1
29 3411,1
29 3413,1
29 3414,1
29 3416,1
29 3417,1
29 3419,1
29 3420,1
29 3421,1
29 3422,1
32 356,4
32 464,5
32 692,1
32 754,1
32 1025,1
32 1430,1
32 1943,1
32 4354,1
32 4404,1
32 4696,1
32 6716,1
36 70,1
36 81,1
37 529,1
37 2033,1
40 297,1
40 4128,1
41 53,2
41 297,1
41 1058,1
43 423,28
43 426,1
43 471,1
43 551,1
43 674,1
43 868,1
43 904,1
43 909,1
43 1089,1
43 1193,1
43 1196,1
43 1365,1
43 1434,1
43 1965,1
43 2851,1
43 3203,1
43 3354,1
43 3356,1
43 3861,1
43 5965,1
43 7011,1
43 7048,1
43 7363,1
43 7803,1
43 7857,1
43 8032,1
43 8248,1
43 8732,1
43 9303,1
44 1760,6
44 2160,1
44 2504,1
44 2747,1
44 2764,1
44 2950,1
44 3013,1
45 293,2
45 1309,1
45 3203,1
47 512,2
47 1322,19
47 1478,1
47 1945,1
47 1964,1
47 2289,1
47 2728,2
47 2740,1
47 2805,2
47 2820,1
47 3004,1
47 3212,1
47 3549,1
47 3779,1
47 3989,1
47 4034,1
47 4531,1
47 4535,1
47 4924,1
47 6421,1
47 9416,1
49 259,2
49 297,1
49 733,1
50 259,2
50 297,2
50 395,1
50 423,1
50 733,1
50 1965,2
50 4128,1
53 70,1
53 228,1
53 297,2
53 300,1
53 447,4
53 526,1
53 755,2
53 880,1
53 905,1
53 929,2
53 1019,1
53 1058,6
53 1164,1
53 1305,4
53 2065,1
53 2094,1
53 2161,1
53 2255,1
53 2530,1
53 2549,1
53 3483,1
53 4120,1
53 4570,1
53 5952,1
54 259,1
54 423,1
54 733,3
54 1965,1
54 2942,1
54 2948,1
56 86,3
56 102,14
56 107,1
56 134,1
56 158,1
56 198,3
56 212,3
56 235,1
56 289,1
56 298,1
56 306,3
56 333,7
56 358,2
56 423,4
56 461,1
56 465,1
56 469,2
56 474,3
56 485,3
56 497,2
56 509,6
56 510,4
56 511,3
56 512,7
56 524,4
56 526,1
56 600,3
56 620,2
56 720,1
56 726,3
56 769,1
56 841,3
56 848,2
56 924,1
56 1019,1
56 1089,9
56 1094,2
56 1175,2
56 1201,1
56 1271,27
56 1322,6
56 1331,1
56 1384,3
56 1395,1
56 1467,2
56 1741,1
56 1945,1
56 1991,1
56 2021,2
56 2023,3
56 2027,2
56 2040,1
56 2053,1
56 2080,1
56 2136,2
56 2138,6
56 2192,3
56 2215,2
56 2245,1
56 2289,5
56 2291,3
56 2345,2
56 2385,1
56 2511,1
56 2512,1
56 2728,1
56 2803,1
56 2815,1
56 2820,2
56 2836,2
56 2844,1
56 2864,1
56 3071,1
56 3108,1
56 3132,3
56 3198,1
56 3374,2
56 3375,1
56 3376,1
56 3380,1
56 3383,1
56 3388,2
56 3389,2
56 3390,2
56 3391,1
56 3395,2
56 3397,2
56 3401,1
56 3406,1
56 3410,1
56 3417,2
56 3422,2
56 3616,1
56 3664,1
56 4320,4
56 4516,1
56 4744,1
56 4862,1
56 4979,1
56 4983,1
56 5105,1
56 5471,2
56 5565,1
56 5709,1
56 5782,3
56 5786,1
56 5803,1
56 5841,1
56 5860,1
56 5936,1
56 5970,1
56 5972,2
56 6203,2
56 6252,1
56 6498,2
56 6903,1
56 6904,1
56 6905,2
56 6906,1
56 6907,2
56 6908,1
56 6909,2
56 6910,1
56 6911,1
56 6912,2
56 6913,2
56 6914,3
56 7308,1
56 7546,1
56 7941,1
57 524,1
57 4128,1
60 259,7
60 297,1
60 469,1
60 517,1
60 524,1
60 733,2
60 855,1
60 2193,1
60 2198,1
63 105,2
63 228,1
63 4128,1
70 81,1
70 221,3
70 313,1
70 356,1
70 373,2
70 461,1
70 468,2
70 475,1
70 479,1
70 1164,1
70 1430,3
70 3436,1
71 228,1
71 377,1
78 193,1
78 459,1
78 1019,1
78 1850,1
78 1958,1
78 5172,1
79 1760,1
79 2504,1
80 193,1
80 228,1
81 297,1
81 4128,1
83 240,1
83 5855,1
86 163,1
86 193,1
86 228,2
86 235,11
86 302,1
86 306,1
86 308,1
86 335,2
86 347,1
86 423,1
86 509,2
86 511,2
86 516,2
86 746,1
86 775,1
86 1019,1
86 1073,1
86 1089,6
86 1191,1
86 1218,1
86 2080,1
86 2361,1
86 3001,1
86 4192,3
86 4213,1
86 4377,1
86 4809,2
86 4983,1
86 6198,1
86 6895,1
86 8484,1
86 8489,1
87 212,1
87 1809,1
93 2413,1
93 7155,1
100 377,1
100 726,1
102 198,1
102 497,1
102 600,1
102 726,1
102 841,1
102 1322,2
102 1384,1
102 1834,2
102 2021,1
102 2138,1
102 2289,2
102 2291,1
102 2836,1
102 3002,1
102 3417,1
102 4039,1
102 6914,1
103 435,1
103 1126,1
103 1322,2
103 3549,1
103 3989,1
105 193,2
105 228,1
105 1471,1
105 2839,1
105 3377,1
105 4128,1
105 4341,1
106 264,1
106 459,2
106 700,1
106 755,1
106 1430,1
110 254,1
110 519,1
110 759,1
110 1929,1
114 1002,1
114 4696,1
117 454,1
117 3388,1
118 193,1
118 195,1
118 202,1
118 1761,1
120 1060,1
120 1657,1
120 1660,1
120 1834,1
121 454,1
121 3132,1
125 197,1
125 200,1
132 342,1
132 4708,1
133 793,1
133 2118,1
141 197,1
141 200,1
143 347,1
143 1201,1
147 1009,1
147 2603,1
152 197,1
152 200,1
155 512,6
155 726,1
155 1126,1
155 1384,1
155 2021,1
155 2023,1
155 2027,1
158 523,1
158 1105,1
158 6498,1
163 423,1
168 454,1
168 1662,1
168 2289,2
184 254,2
184 920,1
184 1060,2
184 1479,2
184 1551,1
184 2001,1
184 2255,1
184 2530,1
184 2627,9
184 2652,4
184 2891,1
184 3042,1
184 5157,1
184 6695,1
191 1322,1
191 2289,1
192 197,9
192 200,1
192 350,1
192 1190,1
192 1408,1
192 1699,1
192 4218,1
192 4219,1
192 4220,1
192 4221,1
193 196,3
193 197,3
193 202,2
193 228,1
193 235,1
193 505,1
193 755,1
193 996,1
193 1101,1
193 1109,1
193 1111,1
193 1138,1
193 1200,1
193 1267,6
193 1305,1
193 1554,1
193 1576,1
193 1765,1
193 1773,1
193 2078,1
193 2530,2
193 2554,1
193 2885,1
193 2971,1
193 3004,2
193 3125,1
193 3297,1
193 3377,3
193 4006,1
193 4220,1
193 4341,1
193 5172,1
193 5181,1
193 5451,1
193 5937,1
193 6142,1
193 6507,2
195 1761,1
196 434,1
196 1111,1
196 2289,1
196 2856,1
196 2963,1
196 4006,1
196 6507,1
197 200,6
197 202,2
197 350,1
197 435,1
197 1138,1
197 1190,2
197 1247,1
197 1402,2
197 1408,1
197 1699,1
197 1769,1
197 1773,1
197 1783,1
197 4218,1
197 4219,3
197 4220,1
197 4221,1
198 526,1
200 1402,1
200 1769,1
202 4219,1
204 356,1
204 1021,1
204 1662,1
204 2297,1
212 512,9
212 559,1
212 588,1
212 755,1
212 1089,1
212 1247,1
212 1622,1
212 1809,1
212 1860,1
212 2297,1
212 2335,1
212 2665,1
212 2844,1
212 3004,1
212 3245,1
216 318,1
216 434,1
217 1760,1
217 3013,1
221 244,1
221 356,21
221 377,3
221 468,20
221 478,1
221 486,1
221 488,1
221 501,3
221 507,3
221 511,1
221 549,1
221 560,1
221 627,1
221 647,1
221 905,1
221 929,2
221 990,1
221 993,1
221 1025,4
221 1105,3
221 1113,2
221 1164,1
221 1248,1
221 1322,1
221 1368,3
221 1428,2
221 1430,7
221 1450,2
221 1526,1
221 1572,4
221 1671,1
221 1861,1
221 1871,1
221 1877,1
221 1926,1
221 1945,1
221 2013,1
221 2276,2
221 2299,1
221 2334,3
221 2335,2
221 2502,1
221 2679,1
221 2736,2
221 2773,2
221 2783,2
221 2805,2
221 2955,1
221 2999,2
221 3525,1
221 4058,3
221 4140,1
221 4231,1
221 4504,1
221 4694,2
221 4696,1
221 4721,1
221 4987,1
221 5080,1
221 5228,3
221 5477,1
221 5576,1
221 5581,2
221 5690,1
221 6311,1
221 6569,1
221 6597,1
223 235,3
223 395,1
223 494,1
223 727,1
223 749,1
223 778,1
223 974,1
223 1025,4
223 1095,1
223 1111,1
223 1823,2
223 2999,2
223 3797,1
223 4696,1
223 4987,1
223 4990,1
223 5933,1
228 234,1
228 235,1
228 377,2
228 516,1
228 589,1
228 726,2
228 775,1
228 1058,1
228 2179,1
230 1244,1
230 3355,1
232 519,1
232 666,1
232 1001,1
232 2679,2
232 3712,1
234 377,1
234 447,5
234 1004,2
234 1093,1
234 1290,1
234 1757,1
234 2549,1
234 7490,1
235 322,1
235 974,1
235 1019,3
235 1218,1
235 1823,1
235 2080,2
235 2361,1
235 3001,1
235 4696,2
235 4809,1
235 4990,1
235 8484,1
235 8489,1
237 356,1
237 755,1
240 333,2
240 513,1
240 1668,1
240 2143,1
240 2393,1
240 5855,3
243 511,1
243 3325,3
243 6325,1
243 6326,1
244 1105,1
246 1473,1
246 3713,1
254 358,1
254 759,1
254 1060,1
254 1156,1
254 1781,1
254 1958,1
254 2652,1
256 1019,1
256 1850,1
258 293,2
258 700,1
258 4609,1
259 275,1
259 293,1
259 297,21
259 340,1
259 423,4
259 469,3
259 517,10
259 524,3
259 606,1
259 624,1
259 641,2
259 662,2
259 667,2
259 674,2
259 688,2
259 706,2
259 709,1
259 714,2
259 726,2
259 733,8
259 755,3
259 756,2
259 770,1
259 775,1
259 812,1
259 816,1
259 817,1
259 822,1
259 823,1
259 843,1
259 844,1
259 845,1
259 855,3
259 868,1
259 904,1
259 909,1
259 929,1
259 944,1
259 950,2
259 2193,1
259 2198,1
260 293,1
260 1309,1
261 459,1
261 982,1
263 2265,3
263 2272,1
263 2274,1
263 2279,1
264 279,1
264 280,1
264 328,1
264 347,1
264 384,1
264 441,2
264 471,2
264 559,1
264 588,1
264 617,1
264 755,1
264 1071,1
264 1126,1
264 1267,2
264 1447,1
264 1554,1
264 1556,1
264 2178,1
264 2664,1
264 2665,1
264 2838,1
264 2859,1
264 2936,1
264 2960,1
264 3186,1
264 3260,1
264 3286,1
264 3373,2
264 3382,1
264 3386,1
264 3392,1
264 3397,3
264 3406,1
264 3416,1
264 3417,1
264 3976,1
264 4249,1
264 4385,1
264 4790,1
264 6322,1
264 6514,1
264 6892,1
264 7877,1
266 883,2
266 920,3
266 1189,1
266 2162,1
266 2966,1
266 4510,1
266 4654,1
269 793,1
269 1823,1
275 517,1
275 524,2
275 735,1
275 4128,1
277 342,1
277 347,1
277 560,1
277 2844,1
279 471,1
280 1190,19
280 1200,1
280 1452,1
280 1556,1
280 2145,1
280 2340,1
280 2481,1
280 2493,1
280 2678,1
280 3016,1
280 3019,1
280 3200,1
280 3402,1
280 4059,1
280 5440,1
280 6086,1
280 6126,1
280 7826,1
280 8491,1
280 9322,1
280 9683,1
289 2138,1
292 464,1
292 777,1
293 297,1
293 302,1
293 303,1
293 307,2
293 308,2
293 316,1
293 324,2
293 347,1
293 350,2
293 423,3
293 511,1
293 624,1
293 700,3
293 755,2
293 812,2
293 886,1
293 893,2
293 904,3
293 951,1
293 1193,1
293 1196,1
293 1199,1
293 1201,2
293 1206,1
293 1207,2
293 1216,1
293 1219,1
293 1309,8
293 2151,1
293 2600,2
293 3203,1
293 3713,1
293 3774,1
293 4187,1
293 4199,1
293 4609,1
293 8343,1
297 340,1
297 641,1
297 688,1
297 706,1
297 714,1
297 726,1
297 755,2
297 756,1
297 770,1
297 775,1
297 816,1
297 817,1
297 822,1
297 823,1
297 843,1
297 844,1
297 845,1
297 4128,3
300 755,1
301 423,3
301 469,1
301 511,1
301 588,1
301 904,1
301 1196,1
301 3325,1
301 3356,1
302 316,1
302 322,1
302 335,1
302 351,1
303 314,1
303 327,1
303 700,1
303 1196,1
303 1247,1
303 1730,5
303 1769,1
303 3438,1
303 3736,1
304 3159,1
304 3359,1
305 318,1
305 347,2
305 434,1
305 465,1
305 2273,1
306 469,1
306 524,12
306 706,1
306 709,1
306 716,1
306 733,1
306 734,1
306 735,1
306 742,1
306 743,1
306 746,1
306 756,1
306 769,1
306 776,1
307 1309,1
307 8343,1
308 1309,1
308 3774,1
308 6895,1
310 322,1
310 2864,1
310 2999,1
310 7787,1
311 423,1
311 441,7
311 458,1
311 466,1
311 529,1
311 778,2
311 882,1
311 2138,2
311 2152,1
311 2158,1
311 2652,1
311 2727,1
311 2915,1
311 2948,1
311 4849,1
311 6378,1
312 347,1
312 512,2
312 1414,1
312 2665,1
312 4113,1
313 347,1
313 612,1
313 617,1
313 865,5
313 867,1
313 1201,2
313 1216,1
313 1639,1
313 2109,1
313 3436,2
313 6135,1
314 883,9
314 892,1
314 893,1
314 1188,1
314 1189,1
314 1196,1
314 1730,1
314 2017,1
314 2421,1
314 2961,1
314 2966,1
318 356,3
318 434,2
318 509,1
318 512,7
318 726,1
318 1007,1
318 1021,1
318 1730,1
318 1731,1
318 2027,1
318 2345,1
318 2759,1
318 3375,1
318 3398,1
318 3401,1
318 3413,1
318 4207,1
322 351,1
322 468,1
322 585,1
322 1025,1
322 1281,1
322 1430,2
322 1823,1
322 1958,1
322 1991,1
322 2999,1
322 4510,1
322 4646,1
322 4696,2
322 4898,2
324 755,1
324 812,1
327 338,1
327 341,1
327 343,1
327 347,1
327 735,2
327 754,1
327 799,2
327 929,4
327 951,2
327 973,1
327 1216,2
327 1730,4
327 1731,2
327 1838,2
327 2128,1
327 2331,1
327 3701,1
327 4931,1
327 5172,2
327 5303,1
328 372,1
328 1156,1
328 1267,1
328 1850,2
333 423,1
333 509,1
333 512,1
333 513,1
333 1322,2
333 2215,1
333 2289,2
333 2393,1
333 6913,1
335 347,1
338 343,1
338 572,1
338 797,1
338 844,1
338 958,2
338 1189,1
338 1191,1
338 1204,1
338 1220,1
338 1760,1
338 2222,1
338 2398,1
338 3013,1
338 4134,3
340 423,2
340 904,1
340 1193,1
341 1494,1
341 2561,1
341 5172,1
342 560,1
342 1007,1
342 1025,1
342 1660,1
342 1757,1
342 1958,1
342 2400,1
342 2837,1
342 2869,1
342 4069,1
342 4708,2
342 4898,3
342 6831,1
344 435,1
344 474,2
344 485,1
344 509,1
344 684,1
344 780,1
344 1331,1
344 1525,2
344 2474,2
344 3112,1
344 3754,1
347 387,2
347 465,1
347 469,2
347 485,2
347 506,1
347 511,1
347 590,2
347 608,1
347 1058,1
347 1089,1
347 1094,1
347 1201,3
347 1730,1
347 1731,1
347 1751,1
347 2043,1
347 2273,1
347 2320,1
347 2562,1
347 2577,2
347 2681,1
347 2759,2
347 2844,2
347 2966,1
347 2970,1
347 3325,1
347 3406,1
347 3702,2
347 3703,1
347 3862,1
347 4113,1
347 5303,1
347 9267,1
350 700,1
350 886,1
356 377,2
356 461,2
356 501,1
356 506,2
356 507,1
356 523,2
356 549,1
356 692,2
356 728,1
356 754,1
356 755,1
356 929,1
356 936,1
356 972,1
356 981,2
356 1021,11
356 1022,1
356 1057,1
356 1105,1
356 1113,1
356 1322,3
356 1428,1
356 1430,2
356 1450,1
356 1522,1
356 1526,1
356 1572,2
356 1729,1
356 1730,1
356 1731,3
356 1760,1
356 1877,1
356 2170,1
356 2177,1
356 2276,1
356 2299,1
356 2361,2
356 2454,1
356 2557,1
356 2679,1
356 2736,1
356 2747,1
356 2783,1
356 2891,1
356 3042,1
356 3069,2
356 3125,1
356 3150,1
356 3325,2
356 3446,2
356 3518,2
356 3531,1
356 3616,1
356 3697,1
356 3853,1
356 4140,1
356 4260,1
356 4296,1
356 4354,3
356 4732,1
356 4775,1
356 4782,1
356 4806,1
356 5228,1
356 5581,1
356 6716,1
357 512,4
357 2808,1
357 3094,1
357 3369,1
357 3418,1
358 981,1
358 1271,1
358 1781,1
358 1783,1
362 373,1
362 1962,1
363 1072,1
363 1157,1
366 447,1
366 929,1
366 938,1
366 4708,1
367 1009,1
367 1421,1
372 377,1
372 478,1
372 483,2
372 501,1
372 530,1
372 905,1
372 1025,9
372 1106,1
372 1432,1
372 1576,2
372 1850,3
372 1879,2
372 1888,1
372 2999,3
372 3043,1
372 3150,1
372 3525,1
372 3797,1
372 3960,1
372 4058,2
372 4190,1
372 4409,1
372 4696,1
372 4708,1
372 4721,1
372 4776,1
372 4987,1
372 5006,1
372 5228,1
372 5588,1
372 5690,1
373 441,1
373 458,1
373 461,1
373 468,31
373 478,1
373 486,1
373 501,2
373 505,1
373 507,3
373 521,1
373 647,1
373 686,1
373 938,3
373 993,1
373 1011,2
373 1025,5
373 1105,1
373 1113,1
373 1248,1
373 1428,2
373 1430,10
373 1432,3
373 1450,1
373 1489,1
373 1490,1
373 1526,1
373 1648,1
373 1850,1
373 1861,1
373 1871,1
373 1945,3
373 1962,6
373 2004,1
373 2276,1
373 2463,2
373 2736,1
373 2768,1
373 2773,2
373 2783,1
373 2927,1
373 2955,1
373 2999,1
373 3003,1
373 3470,1
373 3518,6
373 3600,1
373 4058,1
373 4231,1
373 4342,2
373 4504,1
373 4580,1
373 4601,1
373 4696,1
373 4987,1
373 5226,1
373 5228,2
373 5233,1
373 5477,1
373 5690,1
373 6311,1
373 6569,1
373 6571,1
373 6597,1
373 6628,1
373 6644,1
374 715,3
374 1107,1
374 1260,1
374 2901,1
377 464,1
377 468,1
377 726,1
377 938,1
377 1001,1
377 1011,1
377 1019,1
377 1021,1
377 1025,5
380 1175,1
380 1480,1
384 3416,1
387 469,1
387 590,1
395 727,1
395 775,1
395 1965,1
395 2551,1
416 793,4
416 2064,1
416 2076,1
416 2079,1
416 2395,1
416 2430,2
423 426,1
423 471,1
423 485,2
423 517,1
423 524,2
423 551,1
423 674,4
423 868,3
423 882,1
423 904,6
423 909,2
423 923,1
423 1089,2
423 1193,3
423 1196,3
423 1365,1
423 1434,1
423 1965,3
423 2851,1
423 3203,2
423 3354,1
423 3356,2
423 3861,1
423 5965,1
423 7011,1
423 7048,1
423 7363,1
423 7803,1
423 7857,1
423 8032,1
423 8248,1
423 8732,1
423 9303,1
426 947,1
426 1825,1
431 1145,2
431 6257,1
431 6259,1
433 447,2
433 1522,1
433 1554,1
433 1572,1
433 1578,1
433 3114,1
433 5952,1
434 1477,1
434 1761,1
434 2109,1
434 2856,1
434 4474,1
434 5141,1
434 8270,1
435 485,1
435 509,1
435 1126,1
435 1247,2
435 2474,2
435 2805,1
435 3004,1
435 3046,1
435 3862,1
440 447,3
440 1135,1
440 1483,1
440 1489,2
440 2056,1
441 454,2
441 458,1
441 529,2
441 778,1
441 1447,1
441 1760,1
441 1945,1
441 2158,1
441 2652,1
441 2915,1
441 2936,1
441 2948,1
441 2949,1
441 2950,1
447 461,1
447 474,1
447 543,1
447 610,2
447 647,3
447 716,4
447 728,1
447 764,2
447 867,1
447 905,11
447 929,11
447 936,2
447 984,1
447 994,1
447 1004,2
447 1007,3
447 1018,1
447 1019,1
447 1021,5
447 1053,6
447 1070,2
447 1072,4
447 1093,4
447 1094,4
447 1116,1
447 1126,2
447 1135,1
447 1156,8
447 1263,2
447 1290,1
447 1305,1
447 1409,1
447 1426,2
447 1429,1
447 1434,1
447 1478,2
447 1482,1
447 1487,3
447 1489,4
447 1490,2
447 1521,1
447 1522,23
447 1524,1
447 1530,1
447 1536,1
447 1537,1
447 1538,1
447 1539,1
447 1541,2
447 1552,1
447 1553,3
447 1555,1
447 1556,2
447 1559,1
447 1590,3
447 1630,3
447 1648,1
447 1658,2
447 1686,3
447 1712,1
447 1719,2
447 1727,2
447 1757,2
447 1760,2
447 1765,1
447 1767,1
447 1798,1
447 1823,1
447 1837,1
447 1863,1
447 1948,7
447 1956,2
447 1958,4
447 1962,2
447 1971,1
447 2042,4
447 2056,3
447 2073,1
447 2074,1
447 2079,1
447 2125,1
447 2138,2
447 2153,1
447 2228,1
447 2254,1
447 2283,2
447 2333,1
447 2396,2
447 2401,1
447 2416,1
447 2425,1
447 2600,2
447 2747,16
447 2769,2
447 2968,1
447 2999,2
447 3010,1
447 3042,5
447 3114,1
447 3148,1
447 3275,5
447 3608,1
447 3786,1
447 3848,1
447 3857,2
447 3966,1
447 3990,3
447 4054,2
447 4065,1
447 4110,1
447 4206,1
447 4473,1
447 4806,2
447 4809,3
447 4898,3
447 4924,1
447 5235,1
447 5325,2
447 5867,1
447 5885,1
447 5952,5
447 6057,1
447 6157,1
447 6485,1
447 7063,1
447 7084,1
447 7449,1
447 7474,1
447 7484,1
447 7490,2
448 1321,1
448 4834,1
454 509,3
454 510,3
454 511,5
454 512,5
454 519,3
454 529,2
454 544,1
454 726,1
454 841,2
454 857,1
454 1089,9
454 1126,2
454 1305,1
454 1322,5
454 1525,1
454 1533,3
454 1581,1
454 1747,2
454 1886,14
454 2023,2
454 2027,2
454 2136,2
454 2147,1
454 2257,1
454 2289,3
454 2526,5
454 2569,1
454 2742,1
454 2805,1
454 2845,2
454 2949,1
454 3068,1
454 3094,1
454 3132,1
454 3201,1
454 3386,1
454 3388,1
454 3756,4
454 4122,1
454 4272,1
454 4319,3
454 4374,1
454 4492,1
454 4924,1
454 5970,1
454 6783,2
454 8043,1
454 9054,1
456 824,1
456 1022,1
456 2166,1
456 2277,1
458 468,1
459 477,3
459 485,5
459 486,3
459 507,2
459 511,3
459 517,1
459 523,3
459 532,1
459 560,2
459 647,2
459 692,1
459 700,1
459 701,1
459 711,1
459 762,3
459 778,2
459 905,3
459 920,1
459 929,5
459 977,11
459 982,2
459 994,4
459 1002,6
459 1019,1
459 1022,4
459 1025,4
459 1058,1
459 1059,1
459 1060,2
459 1094,1
459 1105,3
459 1113,4
459 1266,1
459 1271,2
459 1321,1
459 1350,1
459 1362,3
459 1428,1
459 1430,8
459 1478,2
459 1536,2
459 1546,1
459 1576,8
459 1630,3
459 1645,2
459 1850,2
459 1871,1
459 1894,1
459 1943,1
459 1944,4
459 1948,11
459 1958,24
459 2001,4
459 2019,1
459 2162,3
459 2165,5
459 2166,1
459 2276,2
459 2299,3
459 2301,4
459 2355,3
459 2495,1
459 2502,1
459 2604,1
459 2611,2
459 2679,3
459 2715,1
459 2716,2
459 2773,3
459 2805,1
459 2807,1
459 2891,1
459 3122,1
459 3150,1
459 3218,1
459 3587,1
459 3698,1
459 3851,1
459 3895,1
459 3969,1
459 4281,1
459 4342,2
459 4348,3
459 4354,1
459 4498,3
459 4504,2
459 4512,1
459 4513,1
459 4592,3
459 4716,1
459 5233,1
459 5242,1
459 5275,1
459 5576,2
459 5580,1
459 5581,3
459 5586,1
459 5588,2
459 6083,1
459 6445,1
459 6714,1
459 6716,1
459 7804,1
461 507,1
461 521,1
461 905,1
461 929,1
461 1025,6
461 1248,1
461 1430,10
461 1432,2
461 1548,1
461 1576,2
461 1850,1
461 1926,1
461 1945,3
461 2736,1
461 2773,1
461 2783,1
461 2999,3
461 3470,1
461 3518,1
461 4190,1
461 4342,1
461 4694,1
461 4721,1
461 4732,1
461 4987,1
461 5228,1
461 5477,1
461 7162,1
462 474,1
462 492,1
462 3102,2
464 468,1
464 483,2
464 487,1
464 488,1
464 501,1
464 507,1
464 533,2
464 627,1
464 777,1
464 905,1
464 929,1
464 1025,10
464 1031,1
464 1054,1
464 1095,1
464 1106,1
464 1247,1
464 1430,9
464 1432,2
464 1572,1
464 1576,2
464 1644,1
464 1662,1
464 1671,1
464 1820,1
464 1850,3
464 1943,1
464 2045,1
464 2141,1
464 2613,1
464 2999,3
464 3047,1
464 3432,1
464 3488,1
464 3797,1
464 3895,1
464 3960,2
464 3975,1
464 4058,4
464 4404,1
464 4409,1
464 4512,1
464 4693,1
464 4694,1
464 4696,2
464 4699,1
464 4707,1
464 4708,1
464 4709,1
464 4714,1
464 4721,1
464 4726,1
464 4729,1
464 4730,1
464 4898,1
464 4987,1
464 5588,1
465 3132,1
466 2138,1
467 487,2
467 793,2
467 1447,1
467 2054,2
467 2073,1
468 486,2
468 501,2
468 507,2
468 647,2
468 686,1
468 993,2
468 1011,1
468 1105,2
468 1113,2
468 1428,2
468 1432,1
468 1450,2
468 1489,1
468 1648,1
468 1871,2
468 2004,1
468 2276,2
468 2773,2
468 2955,2
468 3003,1
468 4058,1
468 4231,2
468 4342,1
468 4504,2
468 4510,1
468 5226,1
468 5228,2
468 5233,1
468 6311,2
468 6571,1
468 6597,2
469 588,1
469 624,1
469 755,1
469 2023,1
469 2577,1
471 3260,1
474 485,4
474 994,1
474 1331,2
474 1341,1
474 1430,1
474 2468,1
474 3102,1
474 4054,1
474 4696,2
475 479,1
477 929,1
477 1073,1
477 1094,1
477 1536,1
477 1822,1
477 2165,1
477 7804,1
478 4696,3
480 1551,1
480 1666,1
482 1551,1
482 1666,1
483 1019,1
483 1065,1
483 1271,2
483 1662,2
483 2163,1
483 2297,1
483 3417,1
483 3960,4
483 4409,3
485 973,1
485 977,1
485 978,1
485 1089,1
485 1175,2
485 1271,1
485 1430,1
485 1834,1
485 1849,1
485 1850,1
485 1948,1
485 2080,1
485 2301,1
485 3702,1
485 3857,2
485 3862,2
485 4376,1
485 4506,2
485 4592,1
485 4696,1
486 977,1
486 994,1
486 1551,1
486 2165,1
486 2600,1
487 1430,1
487 1447,1
487 2054,1
487 2300,2
487 4139,1
487 4141,1
488 1019,1
488 4058,3
492 3102,1
494 1019,1
494 1025,2
496 3159,2
496 3737,1
496 6014,1
499 2121,1
499 3786,1
501 1001,1
501 1072,1
501 1554,1
501 2772,1
501 4058,4
505 1551,1
505 2463,1
505 2600,1
505 6142,1
506 2844,1
506 3616,1
506 3697,1
507 938,1
507 977,1
507 1025,6
507 1619,1
507 1786,1
507 1962,1
509 516,1
509 1007,3
509 1089,3
509 1271,1
509 1572,2
509 1651,1
509 1786,1
509 1886,1
509 2474,2
509 2526,1
509 2691,1
509 3045,1
509 4320,1
509 5782,1
510 798,1
510 1089,2
510 1271,1
510 1886,1
510 2526,1
510 3549,1
510 5782,1
511 798,1
511 973,4
511 1053,1
511 1058,1
511 1089,3
511 1175,1
511 1219,2
511 1267,1
511 1271,2
511 1318,1
511 1368,2
511 1746,1
511 1754,1
511 1886,1
511 1948,1
511 2147,1
511 2291,1
511 2495,1
511 2526,1
511 3325,5
511 3549,1
511 4213,1
511 4272,1
511 4692,1
512 559,4
512 560,2
512 588,5
512 617,2
512 624,5
512 720,3
512 726,16
512 755,5
512 924,5
512 958,2
512 981,1
512 1015,1
512 1071,6
512 1081,4
512 1089,5
512 1095,1
512 1126,14
512 1172,5
512 1173,23
512 1175,10
512 1267,9
512 1271,33
512 1297,1
512 1300,5
512 1384,8
512 1414,3
512 1417,1
512 1447,2
512 1473,3
512 1483,16
512 1525,10
512 1622,17
512 1743,6
512 1777,2
512 1786,2
512 1791,3
512 1833,5
512 1860,5
512 1886,21
512 2019,2
512 2021,4
512 2023,15
512 2027,16
512 2053,6
512 2106,13
512 2136,2
512 2179,17
512 2232,1
512 2235,6
512 2239,3
512 2291,12
512 2297,3
512 2335,8
512 2345,10
512 2433,1
512 2495,3
512 2526,1
512 2662,2
512 2665,11
512 2727,2
512 2728,5
512 2742,12
512 2786,2
512 2805,18
512 2808,4
512 2809,2
512 2836,4
512 2845,2
512 2907,2
512 2936,7
512 2963,9
512 2975,2
512 3094,21
512 3105,5
512 3132,2
512 3215,2
512 3245,3
512 3286,6
512 3287,3
512 3343,2
512 3344,2
512 3345,3
512 3360,25
512 3364,2
512 3365,2
512 3366,3
512 3367,2
512 3368,2
512 3369,4
512 3370,2
512 3371,2
512 3372,8
512 3373,4
512 3374,8
512 3375,8
512 3376,5
512 3377,3
512 3378,3
512 3379,1
512 3380,3
512 3381,2
512 3382,2
512 3383,4
512 3384,1
512 3385,1
512 3386,8
512 3387,3
512 3388,7
512 3389,4
512 3390,7
512 3391,4
512 3392,7
512 3393,2
512 3394,2
512 3395,7
512 3396,4
512 3397,7
512 3398,6
512 3399,2
512 3400,1
512 3401,5
512 3402,6
512 3403,2
512 3404,4
512 3405,5
512 3406,5
512 3407,3
512 3408,4
512 3409,3
512 3410,4
512 3411,5
512 3412,3
512 3413,4
512 3414,2
512 3415,2
512 3416,2
512 3417,4
512 3418,10
512 3419,6
512 3420,4
512 3421,2
512 3422,11
512 3549,2
512 3755,1
512 3791,1
512 3819,2
512 4019,2
512 4114,1
512 4315,1
512 4320,1
512 4445,4
512 4591,2
512 4666,1
512 4669,1
512 4670,2
512 4675,2
512 4676,1
512 4682,1
512 4683,1
512 4684,1
512 4685,3
512 4688,1
512 4689,1
512 5576,1
512 5750,3
512 5751,1
512 5752,1
512 5782,1
512 5936,1
512 6509,1
517 606,1
517 662,1
517 667,1
517 674,2
517 714,1
517 755,1
517 812,1
517 929,2
517 950,2
517 1316,1
517 4123,1
519 666,1
519 1071,1
519 1089,1
519 1929,1
519 2136,2
519 2845,1
521 1945,2
523 711,1
523 925,1
523 1001,1
523 1058,1
523 1102,1
523 1105,3
523 1450,2
523 1786,1
523 2165,1
523 2310,1
523 3518,1
523 3524,1
523 3531,1
524 600,1
524 620,1
524 622,1
524 641,1
524 648,2
524 653,1
524 657,1
524 662,1
524 667,2
524 671,2
524 674,1
524 688,2
524 706,2
524 709,2
524 716,1
524 733,7
524 734,1
524 735,4
524 742,1
524 743,1
524 756,2
524 769,1
524 776,1
524 2202,1
524 4128,3
526 1058,1
528 648,1
528 867,1
528 3438,1
528 4142,1
529 692,2
529 1089,1
529 1200,1
529 1551,1
529 1658,2
529 1842,1
529 1996,1
529 2033,3
529 2355,1
529 2557,1
529 2759,1
529 2854,1
529 3325,1
529 3377,1
529 3518,1
529 7857,1
530 824,1
530 1879,1
530 2277,1
532 977,1
533 1430,1
533 1671,1
543 2003,1
543 2553,1
543 5867,1
544 3756,1
559 990,1
559 1175,1
559 1260,1
559 1368,1
559 1860,2
559 1948,1
559 2357,1
559 2746,1
559 3252,1
559 7877,2
560 1368,1
560 2019,1
560 5275,1
572 4134,1
582 1018,1
582 7654,1
584 1554,1
584 4862,1
585 1281,1
588 1174,1
588 1322,3
588 1833,1
588 2024,1
588 2289,1
588 2805,1
588 2820,1
588 2838,1
588 2845,1
588 2852,2
589 775,1
590 2970,1
608 1089,1
610 1556,1
610 2042,1
612 865,1
617 1072,1
617 1384,1
617 2109,2
617 2963,1
617 3094,1
617 3392,2
622 648,1
624 893,1
624 2742,1
624 2805,1
624 3094,1
624 3372,1
624 3418,1
627 2045,1
627 5080,1
641 733,2
647 790,1
647 973,1
647 994,4
647 997,1
647 1002,1
647 1007,1
647 1719,1
647 2300,1
647 2309,1
647 2310,1
648 653,1
648 4142,1
657 733,1
662 855,1
662 4128,1
666 973,1
666 1322,1
666 1666,1
666 2136,1
666 2138,1
666 2227,1
666 2289,1
666 3849,3
666 3853,1
666 3860,1
667 733,2
667 735,1
671 733,1
671 2202,1
684 1525,1
688 733,2
688 735,1
692 1022,2
692 2355,1
692 2557,1
701 1958,1
715 1107,1
715 1260,1
715 2901,1
716 929,1
716 973,1
716 1053,1
716 1948,1
716 1962,1
716 2074,1
723 981,1
723 2804,1
726 733,1
726 1173,1
726 1271,2
726 1483,1
726 1886,2
726 2106,1
726 2179,2
726 2340,1
726 2496,1
726 2836,1
726 2963,1
726 4019,1
726 6324,1
728 1019,2
728 3047,1
728 3325,1
728 4696,1
728 7084,1
733 780,1
733 781,1
733 787,1
733 2915,1
733 2942,1
733 2948,1
735 754,1
735 799,1
749 778,1
755 973,2
755 1267,2
755 2291,1
755 2495,1
762 1019,1
762 1850,2
762 2502,1
762 4716,1
764 929,1
764 1948,1
775 2551,1
775 4192,1
778 1019,1
778 2355,1
778 2727,1
778 3587,1
778 4709,1
780 2915,1
780 3112,1
781 787,1
790 2300,1
793 1823,2
793 1991,1
793 2047,1
793 2054,1
793 2060,1
793 2064,3
793 2069,1
793 2073,1
793 2076,4
793 2102,1
793 2118,1
793 2395,1
793 2398,1
793 2430,1
796 2136,1
796 2235,1
797 1019,1
797 1850,1
797 4134,1
798 3549,2
799 1730,1
812 893,1
812 1108,1
812 1657,1
812 1660,1
812 4216,1
814 1015,1
814 4481,1
824 905,2
824 2277,4
824 2345,2
824 2754,1
824 2756,1
841 1271,1
841 1886,1
841 4924,1
842 1207,2
842 3960,1
842 4409,1
843 1798,1
843 1838,1
844 958,1
844 2822,1
844 2841,1
844 6549,1
844 9165,1
848 7308,1
855 944,1
857 1322,1
865 867,1
865 1201,1
865 3436,1
865 6135,1
867 3438,1
867 4110,1
868 904,1
880 1058,1
883 892,2
883 893,2
883 1188,3
883 1189,5
883 1196,1
883 1400,1
883 2017,1
883 2393,6
883 2421,3
883 2961,1
883 2966,4
892 2393,1
893 2393,1
893 2854,1
893 6284,1
904 973,1
904 1395,1
904 3713,1
904 4199,1
905 929,1
905 1001,3
905 1007,1
905 1011,1
905 1072,2
905 1116,1
905 1156,2
905 1350,1
905 1551,1
905 1553,1
905 1590,1
905 1630,1
905 1958,3
905 2277,1
905 2345,1
905 2600,2
905 3893,1
905 4721,4
920 977,1
920 2162,1
920 2627,1
920 4510,1
920 4654,1
923 3203,1
924 1300,1
924 2179,1
925 1450,1
925 1662,1
925 2297,1
929 950,2
929 973,1
929 1002,1
929 1014,1
929 1094,2
929 1112,1
929 1130,2
929 1156,1
929 1216,1
929 1526,1
929 1553,1
929 1662,1
929 1838,1
929 1948,1
929 2042,1
929 2128,1
929 2141,2
929 2174,2
929 2179,2
929 2226,1
929 2254,1
929 2355,2
929 2502,3
929 3069,1
929 3203,1
929 3275,2
929 3857,1
929 3863,1
929 3966,2
929 4105,1
929 4120,1
929 4694,3
929 5172,1
929 5453,1
932 1769,1
932 4190,1
936 4806,2
936 4809,1
938 980,1
938 1025,4
938 1850,2
938 2357,1
938 2502,1
938 2530,1
938 2613,1
938 2999,2
938 3518,1
938 3797,1
938 4190,1
938 4708,1
938 4712,1
947 1825,1
947 4231,1
947 5057,1
951 1309,1
951 1731,1
951 3701,1
958 2222,1
971 1554,1
971 2173,1
972 981,1
973 997,5
973 1053,7
973 1113,3
973 1126,2
973 1144,1
973 1175,3
973 1267,3
973 1395,1
973 1428,1
973 1525,1
973 1548,2
973 1576,5
973 1747,1
973 1873,1
973 2001,1
973 2138,3
973 2291,2
973 2331,1
973 2345,1
973 2552,1
973 2773,1
973 2808,2
973 3125,2
973 3227,2
973 3275,4
973 4141,1
973 4987,1
973 5874,1
973 5875,1
973 5970,1
977 1113,1
977 1576,1
977 1871,1
977 2001,1
977 2299,1
977 4348,1
978 1014,5
978 1020,3
978 1052,1
978 1105,2
978 1109,1
978 1144,4
978 1261,1
978 1268,1
978 1432,1
978 1754,1
978 1877,1
978 2276,1
978 2773,1
978 2891,4
978 3004,1
978 3339,1
978 3582,1
978 3647,2
978 3684,2
978 3831,3
978 4498,2
978 4506,1
978 5682,1
980 2530,1
981 1081,1
981 1267,1
981 1331,1
981 1367,1
981 1416,1
981 1638,1
981 1783,1
981 1987,1
981 2804,1
981 3069,4
981 5005,1
981 5615,1
981 6978,1
982 1727,1
982 1958,1
982 2301,2
982 3464,1
984 1094,1
984 2003,1
984 3862,1
985 1022,1
985 2162,1
989 994,1
989 999,1
990 1554,1
990 1572,1
990 4694,1
990 7877,1
992 1944,1
992 2343,1
994 996,1
994 999,2
994 1002,7
994 1105,2
994 1113,1
994 1121,2
994 1450,1
994 1554,1
994 1572,1
994 2309,1
994 2310,2
994 2468,1
994 3849,1
994 4231,1
994 4354,1
994 4561,1
994 5429,1
994 5687,1
994 5689,1
994 6311,1
996 2254,1
996 2971,1
996 3357,1
996 6311,1
997 1113,1
997 1576,1
997 3125,1
997 3227,1
998 2160,2
998 3102,1
998 6076,1
999 1002,1
1001 1011,11
1001 1053,2
1001 1072,3
1001 1105,1
1001 1113,4
1001 1144,1
1001 1258,1
1001 1337,2
1001 1418,1
1001 1574,1
1001 1645,1
1001 1767,1
1001 1871,1
1001 1888,2
1001 1928,5
1001 1956,1
1001 1996,1
1001 2276,1
1001 2355,1
1001 2552,1
1001 2679,1
1001 2757,1
1001 2780,1
1001 2895,1
1001 3119,1
1001 3524,1
1001 3893,4
1001 4060,2
1001 4348,1
1001 4371,2
1001 4372,1
1001 4509,1
1001 4987,1
1001 5449,1
1002 1105,1
1002 1113,1
1002 1450,1
1002 2152,1
1002 2160,3
1002 2345,1
1002 2652,1
1002 3212,1
1002 4231,1
1002 4504,1
1002 4561,1
1002 4696,2
1002 5429,1
1002 5581,1
1002 5687,1
1002 5689,1
1004 1760,2
1004 1855,1
1004 2549,1
1004 2747,2
1004 3013,1
1004 4968,1
1007 1105,1
1007 1565,1
1007 1572,2
1007 2691,1
1007 3112,3
1007 3223,2
1007 3227,1
1007 4372,1
1007 4898,2
1009 1390,1
1009 1421,2
1009 1479,1
1009 1509,1
1009 1759,1
1009 1760,1
1009 1765,2
1009 1870,2
1009 2136,4
1009 2386,4
1009 2504,3
1009 2603,4
1009 4054,1
1009 4320,1
1009 5317,1
1009 8985,1
1011 1113,1
1011 1574,1
1011 1645,1
1011 1871,1
1011 2276,1
1011 2780,1
1011 3518,1
1011 4348,1
1011 4371,1
1011 4987,1
1013 1164,1
1013 4987,1
1014 1022,1
1014 1432,1
1014 2162,1
1014 2502,1
1014 2891,1
1014 3339,1
1014 3582,1
1014 3684,1
1015 2742,1
1015 4481,1
1018 1522,1
1018 7654,1
1019 1025,5
1019 1094,1
1019 1106,1
1019 1111,1
1019 1192,1
1019 1321,1
1019 1535,1
1019 1850,22
1019 2080,2
1019 2141,1
1019 2502,1
1019 2549,1
1019 2999,2
1019 3047,2
1019 3150,1
1019 3960,1
1019 4058,1
1019 4376,1
1019 4406,2
1019 4696,2
1019 4709,1
1019 5455,1
1019 5588,1
1019 5604,1
1019 5667,1
1019 5803,1
1019 5804,1
1019 5805,1
1019 8830,1
1019 9212,1
1019 9711,1
1020 1060,1
1020 1368,1
1020 1409,1
1020 1686,1
1020 2773,1
1020 3831,1
1020 4498,1
1020 6517,1
1020 7561,1
1021 1057,1
1021 1318,2
1021 1522,2
1021 1572,1
1021 2396,1
1021 2502,2
1021 3042,2
1021 3150,1
1021 4296,1
1021 4782,1
1021 6111,1
1021 6157,1
1021 7449,1
1022 1397,1
1022 1948,1
1022 1958,1
1022 2162,2
1022 2166,1
1022 2355,1
1022 4510,1
1022 5149,1
1022 5841,1
1025 1111,2
1025 1432,4
1025 1576,5
1025 3043,1
1025 3150,3
1025 3371,1
1025 3797,4
1025 4898,3
1025 4987,6
1025 5228,4
1025 5588,4
1025 7162,1
1052 1105,1
1053 1113,2
1053 1522,1
1053 1576,1
1053 1727,1
1053 2773,1
1053 4060,1
1053 4065,1
1053 4141,1
1053 4473,1
1053 4987,1
1053 5952,1
1053 7474,1
1058 1368,1
1058 2161,1
1058 2320,1
1058 2530,1
1059 2716,1
1060 1156,1
1060 1362,2
1060 1651,1
1060 1657,1
1060 1660,1
1060 1662,1
1060 1686,2
1060 1834,6
1060 1958,2
1060 2627,1
1060 2746,1
1060 2747,1
1060 2891,1
1060 3002,2
1065 2094,1
1065 2101,1
1065 2163,1
1065 2263,1
1065 2773,1
1065 3989,2
1068 1071,1
1068 1072,1
1070 1522,1
1070 1554,1
1070 1572,1
1070 1944,1
1070 2425,1
1070 4342,1
1071 1072,1
1071 1126,2
1071 1226,2
1071 1271,1
1071 1278,4
1071 1300,1
1071 1747,2
1071 1820,1
1071 2066,1
1071 2136,2
1071 2234,1
1071 2291,1
1071 2331,1
1071 3360,8
1071 3373,1
1071 3396,1
1071 3466,2
1071 3549,1
1071 4274,1
1071 5423,2
1071 6322,1
1072 1157,1
1072 1727,1
1072 2109,1
1072 2416,1
1072 4372,1
1072 7484,1
1073 1089,1
1073 1759,1
1073 1798,2
1073 1822,1
1073 1826,1
1073 2060,1
1073 3013,2
1073 5941,1
1081 1622,1
1081 2291,1
1081 2335,1
1081 3372,1
1081 6978,1
1089 1322,5
1089 1860,1
1089 2289,3
1089 2820,2
1089 3094,2
1089 3105,1
1089 3549,1
1089 4377,1
1089 4809,1
1093 1409,1
1093 2769,1
1093 5325,1
1094 1112,1
1094 1522,1
1094 1850,1
1094 2138,2
1094 2966,1
1094 3218,1
1094 6203,1
1094 7490,1
1095 1622,1
1095 2999,2
1101 1267,1
1102 1105,1
1104 2883,1
1104 3932,1
1105 1144,1
1105 1958,1
1105 2310,2
1105 3112,1
1105 4060,1
1106 1156,1
1106 1850,4
1107 1139,1
1107 1156,1
1107 1958,1
1107 3069,1
1108 1139,2
1108 1660,1
1108 2160,1
1108 3069,1
1109 1144,1
1109 1267,1
1110 1657,1
1110 1660,1
1113 1144,2
1113 1888,1
1113 2165,1
1121 2357,1
1121 3849,1
1121 4354,1
1121 4712,1
1126 1173,1
1126 1175,1
1126 1271,1
1126 1278,1
1126 1428,1
1126 1483,2
1126 1522,1
1126 1548,1
1126 1886,2
1126 2106,1
1126 2179,1
1126 2228,1
1126 3360,2
1126 3388,1
1126 4385,1
1126 6783,1
1130 1662,1
1130 5453,1
1139 2160,1
1139 2170,1
1139 2313,1
1139 2783,1
1139 3069,3
1139 3712,1
1139 3746,1
1139 4773,1
1139 4987,1
1144 2891,1
1144 3377,1
1144 3819,1
1144 4498,1
1145 6257,1
1145 6259,1
1154 1322,1
1154 3549,1
1156 1486,1
1156 1522,1
1156 1576,2
1156 1662,1
1156 1686,1
1156 1850,3
1156 1944,1
1156 1958,18
1156 2276,1
1156 2613,1
1156 2932,1
1156 2999,1
1156 3010,1
1156 3112,1
1156 3132,1
1156 3684,1
1156 3990,2
1156 4372,1
1156 4513,1
1156 4767,1
1156 4898,2
1156 5191,1
1156 5242,1
1156 5952,1
1164 1671,1
1164 4987,1
1167 1860,1
1167 5109,1
1172 1173,1
1172 1175,1
1173 1175,1
1173 1267,1
1173 1525,1
1173 2023,1
1173 2027,1
1173 2291,1
1173 2345,1
1173 2936,1
1173 3374,1
1173 3375,1
1173 3386,1
1173 3390,1
1173 3395,1
1173 3397,1
1173 3406,1
1173 3408,1
1173 3417,1
1173 3419,1
1173 3420,1
1173 3422,1
1174 1322,1
1174 2289,1
1174 2852,1
1175 1368,2
1175 1480,1
1175 1525,1
1175 1751,1
1175 1991,1
1175 2106,1
1175 2963,2
1175 3132,1
1175 3377,1
1175 3422,1
1175 3549,1
1188 1189,1
1188 2393,1
1189 1204,1
1189 1400,1
1189 2393,1
1190 1200,1
1190 1452,1
1190 1783,1
1190 2145,2
1190 2147,1
1190 2340,1
1190 2481,1
1190 2489,1
1190 2493,2
1190 2678,1
1190 3016,1
1190 3019,1
1190 3200,1
1190 3402,1
1190 4059,1
1190 5440,1
1190 6086,1
1190 6126,1
1190 7826,1
1190 8491,1
1190 9322,1
1190 9683,1
1191 2398,1
1191 4192,1
1192 1850,1
1196 1730,1
1199 1309,1
1200 3377,2
1201 2291,1
1201 4187,1
1206 2600,1
1207 1247,1
1207 2151,1
1207 2600,1
1207 2999,1
1207 3960,1
1207 4409,1
1216 1309,1
1216 1639,1
1216 1730,1
1219 1754,1
1220 4134,1
1226 1820,1
1226 2331,1
1244 1747,1
1244 1922,1
1244 2023,1
1244 2027,2
1244 2336,1
1244 2345,1
1244 2805,1
1244 2820,1
1244 2936,1
1244 3084,1
1244 3355,2
1244 3360,10
1244 3374,1
1244 3422,1
1244 6198,1
1244 6238,1
1247 1769,1
1247 2999,2
1247 3004,2
1248 1945,3
1258 1337,1
1260 2357,1
1261 1268,1
1263 1522,1
1263 3114,1
1266 3698,1
1267 1318,1
1267 1322,5
1267 1483,1
1267 1576,2
1267 1833,1
1267 1886,1
1267 2289,1
1267 2495,1
1267 2554,1
1267 2805,1
1267 2820,1
1267 2960,1
1267 3069,1
1267 3377,1
1267 3496,1
1267 4034,1
1267 4354,1
1267 4924,1
1268 1662,1
1268 3002,1
1271 1384,2
1271 1525,1
1271 2023,2
1271 2027,2
1271 2136,1
1271 2138,1
1271 2239,1
1271 2345,2
1271 2742,1
1271 2805,1
1271 3094,1
1271 3132,1
1271 3287,1
1271 3374,2
1271 3386,1
1271 3388,2
1271 3389,2
1271 3390,2
1271 3392,1
1271 3395,2
1271 3397,2
1271 3398,1
1271 3402,1
1271 3404,1
1271 3405,1
1271 3407,1
1271 3408,1
1271 3411,1
1271 3413,1
1271 3418,1
1271 3419,1
1271 3422,2
1271 3960,1
1271 4409,1
1271 5471,1
1271 5972,1
1271 6905,1
1271 6907,1
1271 6909,1
1271 6912,1
1278 1322,1
1278 1747,1
1278 2289,1
1278 2291,1
1278 3466,1
1280 2017,1
1280 2018,1
1290 1309,1
1290 1323,1
1297 3094,1
1300 2665,1
1300 2742,1
1300 2805,1
1305 1368,1
1305 1533,1
1305 1727,1
1305 1760,1
1305 2065,1
1305 2078,1
1305 2094,1
1305 2100,1
1305 3013,1
1305 3483,1
1305 4034,1
1309 1323,1
1316 4123,1
1318 2502,1
1318 3325,1
1318 3496,1
1321 1850,1
1321 1924,2
1321 2551,1
1321 3335,4
1321 3735,1
1321 3753,1
1321 4605,1
1321 4834,1
1321 5522,1
1321 5800,1
1321 6714,1
1322 1478,1
1322 1945,2
1322 1964,1
1322 2231,1
1322 2234,2
1322 2289,37
1322 2334,1
1322 2340,1
1322 2526,2
1322 2654,2
1322 2728,3
1322 2740,4
1322 2795,2
1322 2803,1
1322 2805,8
1322 2820,8
1322 2963,2
1322 3004,1
1322 3068,1
1322 3095,1
1322 3212,1
1322 3357,2
1322 3360,3
1322 3394,1
1322 3446,1
1322 3532,1
1322 3549,4
1322 3755,3
1322 3779,2
1322 3989,4
1322 4034,4
1322 4260,1
1322 4319,3
1322 4320,2
1322 4351,2
1322 4443,1
1322 4444,3
1322 4531,1
1322 4535,3
1322 4678,1
1322 4686,1
1322 4896,1
1322 4913,1
1322 4924,2
1322 5370,1
1322 6206,1
1322 6421,1
1322 6837,1
1322 7457,2
1322 8468,1
1322 9416,1
1331 1987,1
1337 2552,1
1341 4696,1
1362 1834,1
1362 2001,1
1362 2769,1
1362 2887,1
1362 3291,1
1362 3337,1
1362 4498,1
1362 5151,1
1362 5449,1
1367 3069,1
1368 1751,1
1368 1948,1
1368 2335,1
1368 3377,1
1368 4034,1
1368 6517,1
1384 1886,1
1384 2179,1
1384 2963,2
1389 2413,1
1389 2656,1
1389 4934,1
1389 8218,1
1390 2504,1
1397 4510,1
1402 4219,1
1409 7561,1
1414 2433,1
1414 2974,1
1414 2975,1
1414 5057,2
1415 1760,1
1415 3013,1
1416 3069,1
1417 3094,1
1418 1767,1
1421 2504,1
1421 5846,1
1421 6757,1
1426 1429,1
1426 1434,1
1427 2121,1
1427 3786,1
1428 1958,1
1428 1962,1
1430 1432,3
1430 1572,2
1430 1662,1
1430 1926,2
1430 1958,1
1430 1991,2
1430 2557,1
1430 2611,1
1430 2736,3
1430 2773,4
1430 2783,3
1430 3470,2
1430 3895,2
1430 3975,1
1430 4184,1
1430 4281,1
1430 4342,3
1430 4512,2
1430 4646,1
1430 5477,3
1430 6628,1
1430 6644,1
1432 1551,1
1432 1619,1
1432 1786,1
1432 5671,1
1450 1619,1
1450 1786,2
1450 2577,1
1450 3857,1
1467 2815,1
1471 2839,1
1473 3412,2
1473 3713,1
1473 3772,1
1473 3878,2
1477 1761,1
1478 1522,1
1478 1645,1
1478 2333,1
1478 6083,1
1479 2386,1
1479 2652,1
1479 3042,1
1480 2623,1
1480 4031,1
1482 1760,1
1483 1489,1
1483 1747,1
1483 2023,1
1483 2027,1
1483 2053,1
1483 2345,1
1483 2805,1
1483 2936,1
1483 3286,1
1483 3373,1
1483 3388,3
1483 3392,1
1483 3396,1
1483 3405,1
1483 3411,1
1486 1958,1
1487 1971,1
1487 2283,1
1487 5235,1
1489 1490,1
1489 2747,1
1489 2769,1
1490 2283,1
1490 3518,1
1494 2561,1
1509 2136,1
1521 1522,1
1522 1524,1
1522 1530,1
1522 1536,1
1522 1537,1
1522 1538,1
1522 1539,1
1522 1541,1
1522 1552,1
1522 1553,1
1522 1555,1
1522 1556,1
1522 1559,1
1525 1886,2
1525 2106,1
1525 2232,1
1525 3549,1
1525 3754,1
1526 1962,1
1526 2141,1
1533 3201,2
1533 3202,1
1533 4319,1
1535 1850,1
1536 1576,1
1536 1822,1
1536 5191,1
1541 1554,1
1541 1572,1
1541 2079,1
1546 2001,1
1548 1747,1
1548 2999,1
1551 1666,4
1551 1707,1
1551 1708,1
1551 1803,1
1551 2273,1
1551 2600,3
1551 2627,1
1551 2854,1
1551 3045,1
1551 3115,1
1551 3116,1
1551 4987,1
1551 5671,1
1553 1576,1
1553 1747,1
1554 1556,1
1554 1560,1
1554 1572,12
1554 1658,1
1554 1701,1
1554 1719,1
1554 1765,1
1554 2026,1
1554 2173,1
1554 2627,1
1554 2645,1
1554 2652,1
1554 2772,1
1554 3373,1
1554 3777,1
1554 4862,1
1554 6085,1
1556 1572,1
1560 1572,1
1563 2121,1
1563 2775,1
1563 3125,1
1563 3436,1
1563 3853,2
1563 3966,1
1563 5584,1
1565 3112,1
1572 1651,1
1572 1658,1
1572 2026,1
1572 2502,1
1572 2645,1
1572 2805,1
1572 3223,1
1572 3777,1
1572 6085,1
1574 1964,1
1574 4874,1
1576 1658,1
1576 1747,1
1576 1850,4
1576 1948,1
1576 1958,2
1576 2716,1
1576 2820,1
1576 3087,1
1576 3158,2
1576 3275,1
1576 3371,1
1576 3851,1
1576 3866,1
1576 4341,1
1576 4592,1
1576 5451,1
1576 5970,1
1578 3114,1
1581 3756,1
1590 1686,1
1590 3990,1
1619 1772,1
1619 1786,8
1619 1789,1
1619 1871,1
1619 4141,1
1619 4342,1
1622 1786,1
1622 1833,1
1622 2179,1
1622 2495,1
1622 4114,1
1622 4445,1
1622 4669,1
1622 4670,1
1622 4682,1
1622 5750,1
1622 5751,1
1622 5752,1
1630 1894,1
1630 1944,1
1630 4342,1
1630 6057,1
1630 7063,1
1638 5615,1
1639 1640,1
1639 2700,1
1639 3107,3
1639 3109,1
1640 3107,1
1645 1948,1
1648 2600,1
1651 1834,1
1654 1657,1
1654 1660,1
1657 1660,8
1657 1662,2
1657 1834,1
1657 2659,1
1657 2836,1
1657 2891,1
1657 3002,2
1657 4216,1
1657 4498,1
1657 7005,1
1658 1996,1
1658 2725,1
1658 2759,1
1658 2820,1
1658 2968,1
1658 3004,1
1658 3042,2
1658 3896,1
1660 1662,1
1660 1686,1
1660 2659,1
1660 2891,1
1660 3002,2
1660 4498,1
1660 4708,1
1660 7005,1
1661 2138,1
1661 5840,1
1662 1834,2
1662 1958,1
1662 2025,1
1662 2138,1
1662 2289,1
1662 2291,1
1662 2297,3
1662 2530,1
1662 2627,1
1662 2836,1
1662 3002,8
1662 3417,1
1662 3466,1
1662 3772,1
1662 3868,1
1662 4039,1
1662 4372,1
1662 4766,1
1662 4767,1
1664 1666,1
1664 1668,1
1666 1668,1
1666 2558,1
1666 2865,1
1666 3045,1
1666 3116,1
1666 3849,1
1668 5855,1
1686 2747,1
1701 1719,1
1707 1708,1
1712 1798,1
1713 2453,1
1713 2459,1
1719 3042,1
1720 5429,1
1720 6804,1
1727 2100,1
1727 2301,1
1729 1731,1
1730 1838,1
1730 2759,1
1730 3438,1
1730 3736,1
1731 2759,1
1731 4775,1
1731 4931,1
1738 2226,1
1738 5045,2
1738 6954,1
1743 2053,1
1743 2335,1
1743 2742,1
1743 2805,1
1743 3094,1
1743 3418,1
1746 3325,1
1747 1886,1
1747 3360,2
1747 3388,1
1747 6783,1
1751 9267,1
1754 2665,1
1754 3684,1
1754 6157,1
1757 1760,2
1757 2747,2
1757 2869,1
1757 3013,1
1759 1760,1
1759 1765,1
1759 3013,2
1760 1761,2
1760 1767,1
1760 1798,1
1760 2160,1
1760 2504,4
1760 2747,5
1760 2764,1
1760 2950,2
1760 3013,13
1760 3986,1
1760 4009,1
1761 2504,1
1761 3013,1
1765 2747,1
1765 5317,1
1767 3013,1
1769 4190,1
1770 2226,1
1770 5047,1
1772 1786,1
1786 1789,1
1786 1871,1
1786 2291,1
1786 3045,1
1786 4141,1
1786 4342,1
1791 2742,1
1791 3094,1
1791 3402,1
1798 1838,1
1798 1991,1
1798 2060,2
1798 2064,1
1798 2092,1
1798 2401,3
1798 3013,3
1803 3115,1
1820 4058,1
1822 1962,4
1822 1967,1
1822 2613,1
1822 2768,1
1822 2772,1
1822 2895,1
1822 2933,1
1822 3114,2
1822 3120,1
1822 4069,1
1822 4205,2
1822 4987,1
1822 5191,1
1822 5213,1
1822 5242,1
1822 5250,1
1823 2064,1
1823 2747,1
1823 4696,2
1826 5941,1
1833 3372,1
1833 3412,1
1834 2080,1
1834 2891,1
1834 3002,3
1834 4039,2
1837 1863,1
1842 2033,1
1849 3857,1
1850 2141,2
1850 2502,2
1850 4376,2
1850 4406,1
1850 5604,1
1850 5667,1
1850 5803,1
1850 5804,1
1850 5805,1
1850 8830,1
1850 9212,1
1850 9711,1
1855 4968,1
1860 1886,1
1860 2746,1
1860 3252,1
1860 5109,1
1861 6569,2
1870 2386,1
1870 2603,1
1873 2138,1
1877 3004,1
1879 1888,1
1886 2023,2
1886 2027,2
1886 2257,1
1886 2345,1
1886 2665,1
1886 2936,1
1886 3105,1
1886 3374,1
1886 3375,1
1886 3390,1
1886 3395,1
1886 3397,1
1886 3406,1
1886 3410,1
1886 3418,1
1886 4492,1
1886 5970,1
1887 3087,1
1887 4090,1
1888 1928,1
1899 3495,1
1899 3695,1
1922 6198,1
1924 3735,1
1924 5522,1
1928 1956,1
1928 1996,1
1928 2895,1
1928 4509,1
1943 1944,1
1944 1948,1
1944 1949,1
1944 1953,2
1944 1954,1
1944 1955,1
1944 1958,2
1944 1959,2
1944 1962,3
1944 1963,2
1944 1964,1
1944 2343,1
1944 2554,1
1944 2768,1
1944 2783,1
1944 2887,1
1944 2895,2
1944 4342,3
1944 4510,1
1944 5213,1
1944 5234,1
1944 5769,1
1944 6573,1
1948 1956,1
1948 2001,1
1948 2042,1
1948 2276,1
1948 2307,2
1948 2679,1
1948 2773,1
1948 3275,1
1948 4633,1
1948 4806,1
1948 5325,1
1948 9035,1
1949 5234,1
1953 4342,1
1953 6573,1
1954 4510,1
1955 4342,1
1956 2138,1
1958 2162,1
1958 2276,2
1958 2299,1
1958 2679,1
1958 2715,1
1958 2773,1
1958 2807,1
1958 2932,1
1958 3042,1
1958 3132,1
1958 3684,1
1958 3990,2
1958 4348,1
1958 4498,1
1958 4504,1
1958 4513,2
1958 4767,1
1958 4898,4
1958 5191,1
1958 5233,1
1958 5242,2
1959 2887,1
1959 2895,1
1962 2042,1
1962 2768,3
1962 2895,2
1962 2933,1
1962 3119,1
1962 3600,1
1962 5213,2
1962 5453,1
1963 2554,1
1963 5769,1
1964 2260,1
1964 2775,1
1964 2783,1
1964 4474,1
1964 4874,1
1964 6638,1
1967 4987,1
1983 2752,1
1983 3285,1
1991 2076,1
1991 2963,1
1991 3013,1
1991 4184,1
2001 2627,1
2001 3275,1
2003 2553,1
2003 3862,1
2008 3159,1
2008 3436,1
2008 3866,1
2008 3966,1
2013 2334,1
2017 2018,1
2017 2183,1
2017 2396,1
2017 2787,1
2017 2796,1
2017 4933,1
2017 6395,1
2023 2106,1
2023 2179,1
2023 2963,1
2023 3360,2
2023 3756,1
2024 2852,1
2025 3466,1
2027 2106,1
2027 2179,1
2027 2336,1
2027 2963,1
2027 3355,2
2027 3357,1
2027 3358,1
2027 3360,2
2027 3756,1
2033 7857,1
2043 2577,1
2047 2102,1
2053 3360,1
2056 2747,1
2056 4809,1
2060 2398,1
2060 2401,1
2064 2076,1
2064 2401,1
2066 3360,1
2069 2076,1
2073 2747,1
2079 2082,1
2079 2085,1
2079 2100,2
2079 2430,1
2082 2100,1
2085 2100,1
2092 2392,1
2092 2401,1
2092 2413,1
2092 2453,1
2092 4934,1
2094 3989,1
2101 3989,1
2106 2291,1
2106 3105,1
2106 3286,1
2106 3375,1
2106 3386,1
2106 3402,1
2106 3422,1
2109 8270,1
2121 2468,1
2121 2899,1
2121 3559,1
2121 3786,4
2121 3966,1
2121 7044,1
2121 7667,1
2121 8067,1
2125 3608,1
2128 3196,1
2128 4406,1
2136 2227,1
2136 2235,2
2136 2386,1
2136 2603,3
2136 2795,1
2136 3819,1
2136 4054,1
2136 4320,1
2136 4497,3
2136 4678,1
2138 2152,1
2138 2552,1
2138 4372,1
2138 5840,1
2138 7941,1
2141 3863,1
2143 5855,1
2145 2147,1
2152 2160,1
2153 2747,1
2160 2652,1
2160 3102,1
2160 3212,1
2160 6076,1
2162 2165,1
2162 2166,1
2170 2313,1
2170 2454,1
2174 2179,1
2174 2355,1
2177 2361,1
2178 3397,1
2179 2291,1
2179 2665,1
2179 2808,1
2179 3203,1
2179 3286,2
2179 3369,1
2179 3376,1
2179 3397,1
2179 3398,1
2179 3419,1
2179 3420,1
2179 6890,1
2183 2396,1
2192 5709,1
2192 7546,1
2226 3966,1
2226 5045,1
2226 5047,1
2231 2289,1
2234 2289,1
2234 4535,1
2234 5423,1
2235 2291,1
2235 2335,1
2235 2742,1
2235 2805,1
2235 3094,1
2235 3372,1
2235 4497,1
2254 3357,1
2255 2627,1
2255 4570,1
2260 2775,1
2263 2773,1
2264 2265,1
2264 2274,1
2265 2270,2
2265 2272,4
2265 2274,7
2265 2275,2
2265 2279,1
2265 2284,1
2265 2771,3
2265 2783,1
2265 2925,1
2265 2938,3
2265 4598,5
2265 4789,2
2270 2938,1
2270 4598,1
2272 2771,1
2272 2938,1
2272 4598,1
2273 4987,1
2274 2284,1
2274 2771,1
2274 2783,1
2274 2925,1
2274 4598,1
2275 2938,1
2275 4598,1
2276 5682,1
2277 2756,1
2289 2340,1
2289 2654,1
2289 2795,1
2289 2963,2
2289 3095,1
2289 3357,1
2289 3360,1
2289 3394,1
2289 3532,1
2289 3755,1
2289 4319,2
2289 4320,2
2289 4351,1
2289 4444,1
2289 4678,1
2289 4686,1
2289 4896,1
2289 5370,1
2289 6206,1
2289 6837,1
2289 7457,1
2289 8468,1
2291 2530,1
2291 2786,1
2291 4019,1
2291 4591,1
2291 4685,1
2299 2301,2
2299 3122,1
2300 4139,1
2300 4141,1
2301 3122,2
2301 3464,1
2301 5588,1
2307 2772,1
2307 3433,1
2307 4633,1
2307 9035,1
2334 2335,1
2335 3132,1
2335 4315,1
2335 4445,1
2340 2836,1
2340 3368,1
2340 4696,1
2345 2754,1
2345 3125,1
2345 3360,2
2345 4696,1
2355 2757,1
2357 4712,2
2361 3446,1
2386 2603,1
2392 2453,1
2393 2421,1
2393 2966,1
2396 2841,1
2396 4809,1
2396 6549,1
2400 2837,1
2401 3786,1
2413 4934,2
2413 7155,1
2421 2966,1
2453 2459,1
2463 4580,1
2468 3559,1
2489 2493,1
2496 6324,1
2502 3069,1
2502 4105,1
2502 6111,1
2526 2820,1
2530 2627,1
2530 3004,1
2530 3071,1
2530 3831,1
2530 5181,1
2551 3335,1
2558 2865,1
2562 2681,1
2569 2742,1
2577 3857,1
2603 3819,1
2603 4678,1
2604 2611,1
2613 2999,3
2613 3114,1
2623 4031,1
2627 2652,2
2627 2891,1
2627 3002,1
2627 5157,1
2645 4569,1
2645 7630,1
2652 6695,1
2654 2820,1
2656 8218,1
2664 2665,1
2665 3791,1
2665 4670,1
2665 5750,1
2665 6157,1
2679 3712,1
2679 6445,1
2699 2857,1
2699 3826,1
2700 3107,1
2725 3004,1
2727 4445,1
2728 2963,2
2728 6509,1
2740 2795,1
2740 3357,1
2740 7457,1
2742 3343,1
2742 3344,1
2742 3345,1
2746 2747,1
2747 3148,1
2747 3848,1
2747 3857,1
2747 4054,1
2747 4206,1
2747 5885,1
2752 3285,1
2759 4207,1
2769 5449,1
2771 4789,1
2772 3433,1
2772 4205,3
2772 4600,1
2772 4873,1
2775 5584,1
2783 3746,1
2786 3372,1
2787 2796,1
2795 4497,1
2805 3046,1
2805 3360,3
2805 3755,2
2805 4122,1
2805 4444,1
2805 4445,1
2805 4666,1
2805 4675,1
2805 4689,1
2805 5576,3
2808 5874,1
2808 5875,1
2820 3360,2
2822 9165,1
2841 6549,2
2854 6284,1
2857 3826,1
2859 3386,1
2864 7787,1
2883 3932,1
2885 3125,1
2887 3291,1
2891 3647,1
2891 3831,1
2891 4354,2
2899 7667,1
2927 3518,1
2936 3360,2
2963 3401,1
2963 3409,1
2963 3418,1
2963 3422,2
2974 5057,1
2975 5057,1
2999 3525,2
2999 4190,3
2999 5455,1
2999 5690,3
2999 5933,1
3002 4766,1
3002 4767,1
3004 5451,1
3013 3986,1
3013 4009,1
3042 3275,1
3042 3896,1
3047 4406,1
3069 4354,2
3069 4773,1
3069 5005,1
3071 3831,1
3084 6238,1
3087 3158,1
3087 4090,1
3087 6324,1
3087 6845,1
3094 3343,1
3094 3344,1
3094 3345,1
3094 3819,1
3094 4675,1
3094 4683,1
3094 4684,1
3094 4685,1
3094 4688,1
3107 3109,1
3108 6914,1
3112 4372,2
3114 3120,1
3119 3893,1
3119 5453,1
3125 3853,2
3158 3866,1
3159 3359,1
3159 3436,1
3159 3737,1
3159 6014,1
3186 3397,1
3196 4406,1
3201 3202,1
3223 3227,1
3227 3275,1
3257 4706,1
3257 5656,1
3275 4924,1
3275 5952,1
3286 6890,1
3286 6892,1
3297 5937,1
3325 3518,1
3325 6325,1
3325 6326,1
3335 3753,1
3335 4605,1
3335 5800,1
3337 5151,1
3345 3418,1
3355 3357,1
3355 3358,1
3355 3360,1
3360 3366,1
3360 3373,2
3360 3374,2
3360 3375,1
3360 3376,1
3360 3383,1
3360 3386,1
3360 3388,1
3360 3391,1
3360 3392,1
3360 3395,1
3360 3396,2
3360 3402,1
3360 3405,1
3360 3411,1
3360 3418,1
3360 3422,2
3360 3466,1
3360 5423,1
3368 4696,1
3372 4685,1
3373 4790,1
3377 3819,2
3377 5750,1
3382 6514,1
3386 4591,1
3386 9054,1
3397 4249,1
3412 3584,1
3412 3873,1
3412 3878,1
3417 3976,1
3418 4676,1
3426 4080,1
3426 4377,1
3436 3853,1
3495 3695,1
3518 4601,1
3549 4274,1
3584 3873,1
3647 3831,1
3702 3703,1
3712 4987,1
3746 3934,1
3746 5961,1
3755 3989,1
3772 3868,1
3772 3878,1
3779 4319,1
3786 7044,1
3786 8067,1
3849 3853,1
3849 3860,1
3857 4506,1
3866 3966,1
3893 4371,1
3893 5449,1
3934 5961,1
3969 4348,1
3989 4351,1
4034 4443,1
4034 4444,1
4058 5006,1
4058 5581,1
4069 5250,1
4069 6831,1
4080 4377,1
4192 6198,1
4205 4600,1
4205 4873,1
4205 5242,1
4219 4586,1
4219 5822,1
4220 6507,1
4231 5057,1
4320 4497,1
4320 8985,1
4341 5451,1
4374 8043,1
4474 5141,1
4474 6638,1
4498 5586,1
4535 4913,1
4569 7630,1
4586 5822,1
4592 5581,1
4598 4789,1
4706 5656,1
4708 4776,1
4849 6378,1
4933 6395,1
5045 6954,1
5149 5841,1
5429 6804,1
5576 6716,1
5580 5581,1
5846 6757,1
6324 6845,1
