0 1,2
0 2,1
0 3,1
4 1,1
4 5,1
4 6,4
4 7,1
4 8,1
4 9,1
4 10,1
11 12,2
11 13,1
11 2,1
11 14,1
11 15,1
16 1,1
16 17,18
16 18,1
16 19,1
16 20,1
16 21,1
16 22,1
16 23,1
16 24,1
16 25,1
16 26,1
16 27,1
16 28,1
16 29,1
16 30,1
16 31,1
16 32,1
16 33,1
16 34,1
16 35,1
16 36,1
37 38,3
37 39,1
37 40,1
37 41,1
42 43,98
42 44,1
42 45,1
42 46,1
42 47,1
42 48,1
42 49,1
42 50,1
42 51,1
42 52,1
42 53,1
42 54,1
42 55,1
42 5,1
42 56,30
42 57,1
42 58,1
42 59,2
42 60,2
42 61,1
42 62,1
42 63,1
42 64,2
42 65,2
42 6,4
42 66,2
42 67,1
42 68,1
42 69,1
42 70,1
42 71,2
42 72,2
42 73,2
42 74,1
42 75,2
42 76,1
42 77,1
42 78,1
42 79,1
42 80,1
42 8,2
42 81,2
42 82,2
42 83,1
42 84,1
42 85,1
42 86,3
42 87,2
42 88,2
42 89,1
42 90,1
42 91,1
42 92,1
42 93,2
42 94,2
42 95,2
42 96,2
42 97,2
42 98,2
42 99,2
42 100,2
42 101,2
42 102,2
42 103,2
42 104,2
42 105,2
42 106,2
42 107,2
42 108,2
42 109,1
42 110,1
42 111,1
42 112,1
42 113,1
42 114,1
42 115,1
42 116,1
42 117,1
42 118,1
42 119,1
42 120,1
42 121,1
42 122,1
42 123,1
42 124,1
42 125,1
42 126,1
42 127,1
42 128,1
42 129,1
42 130,1
42 131,1
42 132,1
42 133,1
42 134,1
42 135,1
42 136,1
42 137,1
42 138,1
139 140,1
139 56,16
139 60,2
139 141,1
139 6,2
139 142,1
139 72,1
139 73,1
139 143,1
139 8,1
139 144,1
139 9,2
139 88,1
139 145,1
139 146,1
139 98,1
139 147,1
139 148,1
139 149,1
139 108,1
150 56,108
150 151,1
150 152,1
150 153,1
150 59,1
150 60,1
150 13,1
150 64,1
150 154,1
150 155,1
150 141,1
150 156,1
150 65,1
150 157,1
150 66,1
150 158,1
150 159,1
150 160,1
150 142,1
150 161,1
150 162,1
150 163,1
150 164,1
150 71,1
150 72,1
150 73,1
150 75,1
150 143,1
150 81,1
150 165,1
150 166,1
150 82,1
150 167,1
150 168,1
150 169,1
150 86,1
150 144,1
150 9,1
150 170,1
150 171,1
150 88,1
150 172,1
150 173,1
150 174,1
150 145,1
150 175,1
150 176,1
150 177,1
150 178,1
150 179,1
150 180,1
150 181,1
150 182,1
150 183,1
150 184,1
150 185,1
150 186,1
150 187,1
150 188,1
150 189,1
150 93,1
150 94,1
150 95,1
150 190,1
150 191,1
150 192,1
150 96,1
150 193,1
150 194,1
150 97,1
150 195,1
150 196,1
150 146,1
150 197,1
150 98,1
150 99,1
150 100,1
150 101,1
150 147,1
150 198,1
150 199,1
150 102,1
150 200,1
150 103,1
150 148,1
150 201,1
150 202,1
150 104,1
150 203,1
150 204,1
150 149,1
150 205,1
150 105,1
150 206,1
150 207,1
150 208,1
150 106,1
150 209,1
150 210,1
150 211,1
150 212,1
150 213,1
150 214,1
150 107,1
150 215,1
150 216,1
150 217,1
150 218,1
150 108,1
219 56,9
219 60,1
219 141,1
219 156,1
219 142,1
219 72,1
219 73,1
219 9,1
219 197,1
219 108,1
220 56,19
220 152,1
220 60,1
220 13,1
220 141,1
220 65,1
220 157,1
220 72,1
220 73,1
220 82,1
220 168,1
220 9,1
220 173,1
220 178,1
220 93,1
220 191,1
220 100,1
220 213,1
220 216,1
220 108,1
221 56,89
221 151,1
221 153,1
221 59,1
221 60,1
221 13,1
221 64,1
221 154,1
221 155,1
221 141,1
221 156,1
221 157,1
221 66,1
221 159,1
221 160,1
221 142,1
221 161,1
221 162,1
221 163,1
221 164,1
221 71,1
221 72,1
221 73,1
221 75,1
221 165,1
221 82,1
221 167,1
221 168,1
221 170,1
221 171,1
221 88,1
221 172,1
221 173,1
221 174,1
221 175,1
221 176,1
221 177,1
221 178,1
221 179,1
221 180,1
221 181,1
221 182,1
221 183,1
221 184,1
221 185,1
221 186,1
221 187,1
221 188,1
221 189,1
221 93,1
221 94,1
221 95,1
221 191,1
221 96,1
221 193,1
221 194,1
221 97,1
221 146,1
221 197,1
221 98,1
221 99,1
221 100,1
221 101,1
221 147,1
221 198,1
221 199,1
221 102,1
221 200,1
221 103,1
221 148,1
221 201,1
221 104,1
221 203,1
221 204,1
221 149,1
221 205,1
221 105,1
221 206,1
221 207,1
221 208,1
221 106,1
221 209,1
221 211,1
221 212,1
221 214,1
221 107,1
221 216,1
221 217,1
221 218,1
221 108,1
222 1,4
222 17,5
222 223,1
222 224,1
222 18,1
222 225,1
222 226,1
222 227,1
222 228,1
222 28,1
222 229,1
230 231,1
230 232,1
233 234,1
233 235,1
236 237,1
236 238,1
239 240,2
239 237,1
239 241,1
242 51,28
242 243,1
242 244,1
242 245,1
242 246,1
242 247,1
242 248,1
242 249,1
242 250,1
242 251,1
242 252,1
242 253,1
242 254,1
242 255,1
242 256,1
242 257,1
242 258,1
242 259,1
242 260,1
242 261,1
242 262,1
242 263,1
242 264,1
242 265,1
242 266,1
242 267,1
242 268,1
242 269,1
242 270,1
271 272,6
271 273,1
271 274,1
271 275,1
271 276,1
271 277,1
271 278,1
279 12,2
279 14,1
279 257,1
280 56,2
280 6,19
280 281,1
280 7,1
280 282,1
280 8,1
280 86,2
280 283,1
280 9,2
280 87,1
280 284,1
280 285,1
280 286,1
280 287,1
280 288,1
280 289,1
280 290,1
280 291,1
280 292,1
280 293,1
280 294,1
295 296,2
295 237,1
295 297,1
298 296,2
298 237,2
298 299,1
298 51,1
298 297,1
298 255,2
298 238,1
240 231,1
240 140,1
240 237,2
240 300,1
240 38,4
240 301,1
240 13,2
240 302,1
240 39,1
240 303,2
240 304,1
240 241,6
240 305,1
240 306,4
240 307,1
240 308,1
240 309,1
240 310,1
240 311,1
240 312,1
240 313,1
240 314,1
240 315,1
240 316,1
317 296,1
317 51,1
317 297,3
317 255,1
317 318,1
317 319,1
43 320,3
43 321,14
43 44,1
43 45,1
43 322,1
43 46,3
43 47,3
43 323,1
43 324,1
43 48,1
43 49,3
43 325,7
43 50,2
43 51,4
43 326,1
43 327,1
43 328,2
43 52,3
43 329,3
43 53,2
43 54,6
43 55,4
43 5,3
43 56,7
43 330,4
43 301,1
43 57,3
43 58,2
43 59,1
43 60,3
43 61,1
43 62,3
43 63,2
43 64,1
43 304,1
43 250,9
43 331,2
43 65,2
43 332,1
43 333,27
43 6,6
43 334,1
43 66,3
43 67,1
43 68,2
43 69,1
43 7,1
43 70,1
43 71,2
43 72,3
43 73,2
43 74,1
43 75,1
43 335,1
43 76,2
43 77,6
43 78,3
43 79,2
43 80,1
43 8,5
43 81,3
43 82,2
43 83,1
43 84,1
43 85,1
43 86,1
43 336,1
43 337,1
43 87,2
43 88,2
43 338,1
43 89,1
43 90,1
43 339,1
43 91,3
43 92,1
43 93,2
43 94,1
43 95,1
43 96,1
43 97,1
43 98,2
43 99,2
43 100,2
43 101,1
43 102,2
43 103,2
43 104,1
43 105,1
43 106,1
43 107,2
43 108,2
43 109,1
43 110,1
43 340,4
43 111,1
43 112,1
43 113,1
43 114,1
43 341,1
43 115,1
43 116,2
43 117,1
43 342,1
43 343,3
43 118,1
43 119,1
43 120,1
43 121,1
43 344,1
43 122,1
43 123,2
43 124,2
43 125,1
43 126,2
43 127,1
43 128,1
43 129,2
43 130,1
43 131,2
43 132,1
43 133,2
43 134,1
43 135,1
43 136,2
43 137,2
43 138,3
43 345,1
43 346,1
43 347,1
348 330,1
348 238,1
349 296,7
349 237,1
349 328,1
349 350,1
349 330,1
349 297,2
349 351,1
349 352,1
349 353,1
354 355,2
354 140,1
354 238,1
231 232,1
231 356,3
231 357,1
231 1,1
231 358,2
231 326,1
231 359,2
231 360,1
231 361,1
231 305,1
231 225,3
231 362,1
363 140,1
363 364,1
365 366,1
365 367,1
365 304,1
365 368,1
365 369,1
365 370,1
371 272,1
371 274,1
372 366,1
372 140,1
232 237,1
232 238,1
373 374,1
373 375,1
320 376,1
320 366,1
320 140,2
320 323,11
320 377,1
320 49,1
320 378,1
320 379,2
320 380,1
320 51,1
320 54,2
320 5,2
320 381,2
320 382,1
320 383,1
320 304,1
320 384,1
320 250,6
320 385,1
320 386,1
320 335,1
320 387,1
320 388,1
320 389,3
320 390,1
320 391,1
320 392,2
320 341,1
320 393,1
320 394,1
320 395,1
320 396,1
397 47,1
397 398,1
399 400,1
399 401,1
402 364,1
402 60,1
321 46,1
321 53,1
321 57,1
321 60,1
321 62,1
321 6,2
321 66,1
321 403,2
321 71,1
321 77,1
321 8,2
321 81,1
321 88,1
321 404,1
321 107,1
321 405,1
321 138,1
406 407,1
406 141,1
406 6,2
406 286,1
406 288,1
355 366,2
355 140,1
355 408,1
355 409,1
355 190,1
355 238,1
355 410,1
411 412,1
411 367,2
411 413,1
411 13,1
411 225,1
414 415,1
414 416,1
414 417,1
414 418,1
419 420,1
419 28,1
421 422,1
421 98,1
423 366,1
423 424,1
423 425,1
423 426,1
427 428,1
427 429,1
427 430,1
427 403,1
431 422,1
431 91,1
432 433,1
432 434,1
435 436,1
435 31,1
437 438,1
437 439,1
440 433,1
440 434,1
441 380,1
441 332,1
442 443,1
442 444,1
445 433,1
445 434,1
446 56,6
446 60,1
446 141,1
446 66,1
446 71,1
446 72,1
446 73,1
322 447,1
322 448,1
322 126,1
376 51,1
449 422,1
449 450,1
449 8,2
451 415,2
451 452,1
451 428,2
451 453,2
451 454,1
451 455,1
451 310,1
451 311,1
451 456,9
451 457,4
451 458,1
451 459,1
451 460,1
451 461,1
462 6,1
462 8,1
463 433,9
463 434,1
463 464,1
463 465,1
463 466,1
463 467,1
463 468,1
463 469,1
463 470,1
463 471,1
366 472,3
366 433,3
366 425,2
366 140,1
366 323,1
366 473,1
366 13,1
366 474,1
366 475,1
366 476,1
366 477,1
366 478,1
366 479,1
366 157,6
366 306,1
366 480,1
366 481,1
366 482,1
366 483,1
366 484,1
366 311,2
366 485,1
366 486,1
366 487,1
366 284,2
366 488,1
366 489,1
366 190,3
366 490,1
366 470,1
366 410,1
366 370,1
366 491,1
366 492,1
366 493,1
366 494,1
366 495,2
424 426,1
472 496,1
472 477,1
472 8,1
472 497,1
472 498,1
472 490,1
472 495,1
433 434,6
433 425,2
433 464,1
433 407,1
433 478,1
433 465,2
433 499,1
433 500,2
433 466,1
433 467,1
433 501,1
433 483,1
433 502,1
433 468,1
433 469,3
433 470,1
433 471,1
46 301,1
434 500,1
434 501,1
425 469,1
503 1,1
503 2,1
503 450,1
503 165,1
47 56,9
47 151,1
47 153,1
47 13,1
47 250,1
47 499,1
47 161,1
47 398,1
47 163,1
47 165,1
47 166,1
47 168,1
47 338,1
47 284,1
47 177,1
504 505,1
504 496,1
506 272,1
506 278,1
356 507,1
356 1,21
356 364,3
356 359,20
356 508,1
356 509,1
356 510,1
356 511,3
356 512,3
356 5,1
356 513,1
356 152,1
356 514,1
356 515,1
356 39,1
356 303,2
356 516,1
356 517,1
356 18,4
356 448,3
356 518,2
356 305,1
356 519,1
356 6,1
356 520,3
356 521,2
356 225,7
356 522,2
356 523,1
356 524,4
356 525,1
356 526,1
356 527,1
356 528,1
356 529,1
356 7,1
356 530,1
356 531,2
356 532,1
356 533,3
356 166,2
356 534,1
356 535,1
356 536,2
356 537,2
356 538,2
356 9,2
356 539,1
356 540,2
356 541,1
356 542,3
356 543,1
356 544,1
356 545,1
356 546,2
356 28,1
356 547,1
356 548,1
356 549,1
356 550,3
356 551,1
356 552,1
356 553,2
356 554,1
356 555,1
356 556,1
356 557,1
558 323,3
558 299,1
558 559,1
558 560,1
558 561,1
558 562,1
558 563,1
558 18,4
558 564,1
558 477,1
558 565,2
558 540,2
558 566,1
558 28,1
558 548,1
558 567,1
558 568,1
140 569,1
140 323,1
140 364,2
140 381,1
140 570,1
140 60,2
140 383,1
140 241,1
140 571,1
572 573,1
572 574,1
575 416,1
575 576,1
575 577,1
575 535,2
575 578,1
569 364,1
569 38,5
569 579,2
569 580,1
569 581,1
569 582,1
569 312,1
569 583,1
323 584,1
323 563,1
323 304,3
323 386,1
323 565,1
323 335,2
323 387,1
323 388,1
323 28,2
323 392,1
323 567,1
323 395,1
323 396,1
585 1,1
585 13,1
374 325,2
374 586,1
374 587,1
374 588,1
374 589,1
374 375,3
590 5,1
590 23,3
590 591,1
590 592,1
507 448,1
593 160,1
593 594,1
415 50,1
415 417,1
415 428,1
415 595,1
415 596,1
415 369,1
415 457,1
597 304,1
597 368,1
598 12,2
598 413,1
598 599,1
296 600,1
296 12,1
296 237,21
296 601,1
296 51,4
296 328,3
296 350,10
296 330,3
296 602,1
296 603,1
296 604,2
296 605,2
296 606,2
296 246,2
296 607,2
296 608,2
296 609,1
296 610,2
296 60,2
296 297,8
296 13,3
296 611,2
296 612,1
296 383,1
296 613,1
296 614,1
296 615,1
296 616,1
296 617,1
296 618,1
296 619,1
296 620,1
296 351,3
296 247,1
296 248,1
296 249,1
296 303,1
296 621,1
296 622,2
296 352,1
296 353,1
623 12,1
623 14,1
624 367,1
624 625,1
626 627,3
626 628,1
626 629,1
626 630,1
412 631,1
412 632,1
412 633,1
412 380,1
412 634,1
412 635,2
412 244,2
412 151,1
412 153,1
412 636,1
412 13,1
412 155,1
412 141,1
412 157,2
412 159,1
412 480,1
412 637,1
412 638,1
412 639,1
412 168,1
412 640,1
412 641,1
412 173,1
412 642,1
412 643,1
412 644,1
412 178,1
412 189,2
412 194,1
412 146,1
412 147,1
412 103,3
412 105,1
412 214,1
412 107,1
412 645,1
412 646,1
412 647,1
412 648,1
412 649,1
412 650,1
412 651,1
412 652,1
653 654,2
653 452,3
653 655,1
653 656,1
653 657,1
653 658,1
653 659,1
660 438,1
660 565,1
600 350,1
600 330,2
600 661,1
600 238,1
662 436,1
662 380,1
662 152,1
662 338,1
631 244,1
632 465,19
632 479,1
632 663,1
632 637,1
632 664,1
632 665,1
632 666,1
632 667,1
632 668,1
632 669,1
632 670,1
632 671,1
632 203,1
632 672,1
632 673,1
632 674,1
632 675,1
632 676,1
632 677,1
632 678,1
632 679,1
324 77,1
680 17,1
680 681,1
12 237,1
12 377,1
12 682,1
12 683,2
12 378,2
12 684,1
12 685,2
12 380,1
12 464,2
12 51,3
12 5,1
12 603,1
12 413,3
12 13,2
12 613,2
12 686,1
12 687,2
12 248,3
12 688,1
12 251,1
12 252,1
12 689,1
12 332,2
12 690,1
12 691,2
12 692,1
12 693,1
12 14,8
12 694,1
12 695,2
12 257,1
12 594,1
12 696,1
12 697,1
12 698,1
12 599,1
12 699,1
237 601,1
237 604,1
237 607,1
237 608,1
237 610,1
237 60,1
237 13,2
237 611,1
237 612,1
237 383,1
237 614,1
237 615,1
237 616,1
237 617,1
237 618,1
237 619,1
237 620,1
237 238,3
300 13,1
700 51,3
700 328,1
700 5,1
700 153,1
700 248,1
700 252,1
700 23,1
700 259,1
377 684,1
377 584,1
377 379,1
377 701,1
682 702,1
682 703,1
682 413,1
682 252,1
682 499,1
682 704,5
682 501,1
682 705,1
682 706,1
707 708,1
707 709,1
710 505,1
710 380,2
710 496,1
710 327,1
710 711,1
49 328,1
49 330,12
49 608,1
49 609,1
49 712,1
49 297,1
49 713,1
49 661,1
49 714,1
49 715,1
49 382,1
49 611,1
49 61,1
49 716,1
683 14,1
683 699,1
378 14,1
378 696,1
378 394,1
717 584,1
717 89,1
717 540,1
717 718,1
719 51,1
719 635,7
719 720,1
719 721,1
719 234,1
719 562,2
719 722,1
719 77,2
719 723,1
719 724,1
719 457,1
719 169,1
719 725,1
719 319,1
719 726,1
719 727,1
728 380,1
728 56,2
728 158,1
728 168,1
728 729,1
357 380,1
357 730,1
357 636,1
357 731,5
357 732,1
357 332,2
357 692,1
357 733,1
357 734,1
357 362,2
357 735,1
702 654,9
702 736,1
702 687,1
702 737,1
702 655,1
702 252,1
702 704,1
702 738,1
702 739,1
702 740,1
702 657,1
505 1,3
505 496,2
505 54,1
505 56,7
505 60,1
505 741,1
505 2,1
505 704,1
505 742,1
505 73,1
505 82,1
505 743,1
505 94,1
505 148,1
505 104,1
505 211,1
505 744,1
584 701,1
584 359,1
584 745,1
584 18,1
584 746,1
584 225,2
584 565,1
584 369,1
584 70,1
584 540,1
584 658,1
584 747,1
584 28,2
584 748,2
685 13,1
685 613,1
703 749,1
703 750,1
703 751,1
703 380,1
703 661,2
703 224,1
703 752,2
703 303,4
703 688,2
703 753,1
703 692,2
703 704,4
703 742,2
703 754,2
703 755,1
703 756,1
703 757,1
703 758,1
703 370,2
703 759,1
633 760,1
633 595,1
633 157,1
633 368,2
325 51,1
325 54,1
325 56,1
325 586,1
325 6,2
325 79,1
325 8,2
325 589,1
325 137,1
379 380,1
749 751,1
749 761,1
749 762,1
749 619,1
749 154,2
749 655,1
749 385,1
749 763,1
749 764,1
749 272,1
749 765,1
749 766,1
749 278,1
749 767,3
601 51,2
601 248,1
601 251,1
750 768,1
750 769,1
750 370,1
436 152,1
436 741,1
436 18,1
436 430,1
436 582,1
436 369,1
436 770,1
436 771,1
436 772,1
436 773,1
436 31,2
436 748,3
436 774,1
775 407,1
775 52,2
775 329,1
775 54,1
775 776,1
775 777,1
775 334,1
775 142,2
775 778,2
775 779,1
775 780,1
380 781,2
380 327,1
380 328,2
380 329,2
380 782,1
380 5,1
380 783,2
380 784,1
380 241,1
380 250,1
380 331,1
380 332,3
380 704,1
380 742,1
380 785,1
380 786,1
380 711,1
380 787,1
380 788,1
380 789,2
380 790,1
380 743,2
380 338,2
380 657,1
380 791,1
380 23,1
380 105,1
380 792,2
380 793,1
380 794,1
380 729,1
380 759,1
380 795,1
464 413,1
464 686,1
1 364,2
1 326,2
1 511,1
1 782,2
1 512,1
1 447,2
1 513,1
1 223,2
1 796,1
1 224,1
1 13,1
1 303,1
1 797,1
1 798,1
1 799,2
1 2,11
1 800,1
1 801,1
1 448,1
1 518,1
1 6,3
1 521,1
1 225,2
1 522,1
1 802,1
1 523,1
1 524,2
1 803,1
1 704,1
1 742,3
1 272,1
1 528,1
1 804,1
1 805,1
1 531,1
1 532,1
1 387,2
1 806,1
1 807,1
1 535,1
1 536,1
1 275,1
1 538,1
1 458,1
1 459,1
1 808,2
1 488,1
1 809,1
1 23,2
1 810,2
1 3,2
1 811,1
1 109,1
1 812,1
1 813,1
1 543,1
1 814,1
1 815,1
1 227,3
1 816,1
1 817,1
1 818,1
1 819,1
1 550,1
1 553,1
1 229,1
820 56,4
820 170,1
820 145,1
820 185,1
820 215,1
50 799,1
50 333,1
50 596,1
50 502,1
821 358,1
821 822,1
823 824,1
823 825,1
826 38,1
826 303,1
826 827,1
826 31,1
828 443,1
828 829,1
760 364,1
760 508,1
760 830,2
760 511,1
760 831,1
760 39,1
760 18,9
760 832,1
760 833,1
760 481,2
760 368,3
760 834,2
760 835,1
760 540,3
760 836,1
760 809,1
760 541,1
760 566,1
760 26,1
760 542,2
760 837,1
760 838,1
760 28,1
760 31,1
760 547,1
760 839,1
760 548,1
760 840,1
760 550,1
760 841,1
760 554,1
358 635,1
358 720,1
358 326,1
358 359,31
358 508,1
358 509,1
358 511,2
358 473,1
358 512,3
358 842,1
358 515,1
358 843,1
358 827,3
358 517,1
358 844,2
358 18,5
358 448,1
358 518,1
358 519,1
358 521,2
358 225,10
358 833,3
358 522,1
358 845,1
358 846,1
358 523,1
358 847,1
358 368,1
358 526,1
358 527,1
358 7,3
358 822,6
358 848,1
358 531,1
358 849,2
358 536,1
358 850,1
358 537,2
358 538,1
358 851,1
358 539,1
358 540,1
358 852,1
358 853,1
358 3,6
358 854,1
358 542,1
358 544,1
358 855,2
358 545,1
358 856,1
358 857,1
358 28,1
358 548,1
358 858,1
358 550,2
358 859,1
358 551,1
358 554,1
358 555,1
358 556,1
358 860,1
358 557,1
358 861,1
358 862,1
863 864,3
863 865,1
863 866,1
863 867,1
364 17,1
364 359,1
364 60,1
364 827,1
364 577,1
364 844,1
364 304,1
364 2,1
364 18,5
868 65,1
868 869,1
634 214,1
781 328,1
781 783,1
299 560,1
299 383,1
299 255,1
299 870,1
871 438,4
871 872,1
871 873,1
871 874,1
871 875,1
871 876,2
51 243,1
51 244,1
51 329,2
51 350,1
51 330,2
51 245,1
51 246,4
51 247,3
51 722,1
51 248,6
51 249,2
51 877,1
51 250,2
51 251,3
51 252,3
51 253,1
51 254,1
51 255,3
51 256,1
51 257,2
51 258,1
51 259,2
51 260,1
51 261,1
51 262,1
51 263,1
51 264,1
51 265,1
51 266,1
51 267,1
51 268,1
51 269,1
51 270,1
243 878,1
243 879,1
880 881,2
880 882,1
880 883,1
884 38,2
884 802,1
884 480,1
884 524,1
884 885,1
884 886,1
884 316,1
496 887,1
496 426,1
496 734,1
496 497,1
496 888,1
496 889,1
496 890,1
407 329,1
407 54,1
407 141,1
407 499,2
407 778,2
407 9,1
407 284,1
407 891,1
407 794,1
892 38,3
892 893,1
892 894,1
892 845,2
892 895,1
635 422,2
635 720,1
635 234,2
635 562,1
635 159,1
635 272,1
635 7,1
635 724,1
635 457,1
635 725,1
635 173,1
635 319,1
635 896,1
635 277,1
38 326,1
38 52,1
38 897,1
38 898,2
38 515,3
38 712,4
38 796,1
38 899,2
38 732,1
38 39,11
38 303,11
38 797,2
38 900,1
38 901,1
38 579,2
38 741,3
38 902,1
38 304,1
38 2,5
38 903,6
38 904,2
38 824,4
38 580,4
38 331,4
38 905,1
38 141,2
38 893,1
38 595,8
38 906,2
38 581,1
38 306,1
38 907,1
38 908,2
38 909,1
38 254,1
38 281,2
38 910,1
38 911,3
38 845,4
38 846,2
38 912,1
38 802,23
38 913,1
38 914,1
38 915,1
38 916,1
38 917,1
38 918,1
38 919,2
38 920,1
38 921,3
38 922,1
38 637,2
38 923,1
38 924,3
38 925,3
38 847,1
38 926,2
38 927,3
38 928,1
38 929,2
38 930,2
38 582,2
38 272,2
38 482,1
38 40,1
38 931,1
38 565,1
38 932,1
38 933,1
38 934,7
38 935,2
38 369,4
38 822,2
38 936,1
38 937,4
38 895,3
38 938,1
38 939,1
38 874,1
38 940,1
38 77,2
38 941,1
38 942,1
38 943,1
38 944,2
38 945,1
38 946,2
38 947,1
38 948,1
38 949,1
38 695,2
38 275,16
38 950,2
38 951,1
38 540,2
38 952,1
38 459,5
38 886,1
38 953,1
38 954,5
38 955,1
38 956,1
38 957,1
38 958,2
38 959,1
38 960,3
38 961,2
38 962,1
38 963,1
38 964,1
38 965,1
38 819,2
38 392,3
38 748,3
38 292,1
38 966,1
38 967,2
38 968,1
38 969,1
38 316,5
38 970,1
38 971,1
38 41,1
38 972,1
38 973,1
38 974,1
38 975,1
38 976,1
38 583,2
977 978,1
977 979,1
422 54,3
422 55,3
422 5,5
422 56,5
422 416,3
422 234,2
422 980,1
422 60,1
422 62,2
422 981,1
422 250,9
422 141,2
422 306,1
422 6,5
422 142,1
422 982,3
422 983,1
422 984,2
422 985,14
422 72,2
422 73,2
422 76,2
422 986,1
422 987,1
422 8,3
422 988,5
422 989,1
422 144,1
422 9,1
422 990,2
422 896,1
422 991,1
422 145,1
422 91,1
422 992,1
422 146,1
422 98,1
422 993,4
422 994,1
422 995,1
422 996,3
422 997,1
422 998,1
422 292,1
422 122,1
422 999,2
422 1000,1
422 1001,1
1002 1003,1
1002 800,1
1002 1004,1
1002 1005,1
720 359,1
367 1006,3
367 329,5
367 509,3
367 512,2
367 5,3
367 350,1
367 447,3
367 1007,1
367 152,2
367 515,2
367 223,1
367 413,1
367 1008,1
367 1009,1
367 1010,3
367 562,2
367 39,3
367 452,1
367 303,5
367 1011,11
367 625,2
367 901,4
367 420,6
367 304,1
367 800,4
367 18,4
367 241,1
367 1012,1
367 428,2
367 331,1
367 448,3
367 518,4
367 1013,1
367 333,2
367 978,1
367 1014,1
367 1015,3
367 521,1
367 225,8
367 281,2
367 915,2
367 1016,1
367 481,8
367 925,3
367 1017,2
367 368,2
367 527,1
367 1018,1
367 226,1
367 1019,4
367 934,11
367 369,24
367 455,4
367 164,1
367 656,3
367 1020,5
367 1004,1
367 531,2
367 532,3
367 1021,4
367 1022,3
367 1023,1
367 534,1
367 1024,1
367 1025,2
367 535,3
367 1026,1
367 1027,2
367 537,3
367 9,1
367 1028,1
367 458,1
367 1029,1
367 809,1
367 1030,1
367 1031,1
367 1032,1
367 1033,1
367 1034,1
367 1035,1
367 1036,1
367 855,2
367 1037,3
367 227,1
367 1038,3
367 545,2
367 1039,1
367 1040,1
367 1041,3
367 1042,1
367 859,1
367 1043,1
367 1044,1
367 552,2
367 1045,1
367 553,3
367 1046,1
367 841,2
367 1047,1
367 1048,1
367 1049,1
367 229,1
367 1050,1
326 512,1
326 842,1
326 39,1
326 303,1
326 18,6
326 519,1
326 225,10
326 833,2
326 1051,1
326 481,2
326 368,1
326 529,1
326 7,3
326 536,1
326 537,1
326 538,1
326 540,3
326 853,1
326 3,1
326 837,1
326 855,1
326 546,1
326 547,1
326 816,1
326 548,1
326 550,1
326 551,1
326 1052,1
1053 52,1
1053 1054,1
1053 1055,2
17 359,1
17 830,2
17 1056,1
17 510,1
17 511,1
17 512,1
17 1057,2
17 514,1
17 681,1
17 39,1
17 303,1
17 18,10
17 19,1
17 20,1
17 564,1
17 832,1
17 499,1
17 225,9
17 833,2
17 524,1
17 481,2
17 21,1
17 450,1
17 525,1
17 1058,1
17 368,3
17 226,1
17 1059,1
17 1060,1
17 1061,1
17 540,3
17 22,1
17 24,1
17 25,1
17 566,1
17 1034,1
17 26,2
17 1062,1
17 542,4
17 228,1
17 838,1
17 1039,1
17 27,1
17 546,1
17 28,2
17 29,1
17 30,1
17 31,1
17 32,1
17 33,1
17 547,1
17 34,1
17 35,1
17 36,1
17 748,1
17 548,1
17 841,1
327 91,1
721 77,1
1063 1056,2
1063 438,2
1063 159,1
1063 1064,2
1063 938,1
359 509,2
359 511,2
359 512,2
359 515,2
359 843,1
359 517,2
359 844,1
359 448,2
359 518,2
359 521,2
359 833,1
359 522,2
359 845,1
359 847,1
359 527,2
359 848,1
359 531,2
359 537,2
359 539,2
359 852,1
359 542,1
359 544,2
359 855,1
359 545,2
359 658,1
359 858,1
359 550,2
359 859,1
359 555,2
359 860,1
359 557,2
328 153,1
328 603,1
328 13,1
328 72,1
328 789,1
244 644,1
52 329,4
52 901,1
52 334,2
52 1065,1
52 225,1
52 1066,1
52 1055,1
52 961,1
52 28,2
360 361,1
1006 303,1
1006 384,1
1006 331,1
1006 915,1
1006 1067,1
1006 1020,1
1006 1050,1
508 28,3
1068 454,1
1068 1069,1
1070 454,1
1070 1069,1
830 304,1
830 1071,1
830 333,2
830 450,2
830 1072,1
830 165,1
830 107,1
830 26,4
830 838,3
329 753,1
329 1011,1
329 1073,1
329 250,1
329 65,2
329 333,1
329 225,1
329 403,1
329 1074,1
329 368,1
329 934,1
329 335,1
329 1021,1
329 792,1
329 958,2
329 794,2
329 1075,1
329 1076,2
329 1041,1
329 28,1
509 1011,1
509 901,1
509 454,1
509 1020,1
509 695,1
1056 225,1
1056 159,1
1056 1064,1
1056 1077,2
1056 1078,1
1056 1079,1
510 304,1
510 542,3
1054 1055,1
559 304,1
559 18,2
1080 708,2
1080 1081,1
1080 1082,1
1083 1084,1
1083 956,1
511 577,1
511 824,1
511 480,1
511 1085,1
511 542,4
473 454,1
473 849,1
473 695,1
473 494,1
782 338,1
782 109,1
782 812,1
512 827,1
512 1011,1
512 18,6
512 1086,1
512 1087,1
512 822,1
54 381,1
54 741,3
54 250,3
54 333,1
54 524,2
54 1088,1
54 1087,1
54 985,1
54 778,2
54 988,1
54 1089,1
54 1090,1
54 340,1
54 343,1
55 1091,1
55 250,2
55 333,1
55 985,1
55 988,1
55 286,1
55 343,1
5 1091,1
5 753,4
5 903,1
5 241,1
5 250,3
5 65,1
5 693,2
5 157,1
5 333,2
5 15,1
5 520,2
5 1092,1
5 1093,1
5 985,1
5 934,1
5 986,1
5 81,1
5 1023,1
5 988,1
5 23,5
5 286,1
5 390,1
5 995,1
5 10,1
56 151,4
56 152,2
56 153,5
56 636,2
56 603,5
56 59,3
56 60,16
56 13,5
56 64,5
56 154,2
56 799,1
56 1094,1
56 155,6
56 1095,4
56 250,5
56 564,1
56 141,14
56 156,5
56 1096,23
56 65,10
56 157,9
56 333,33
56 1097,1
56 1098,5
56 66,8
56 158,3
56 1099,1
56 159,2
56 160,3
56 894,16
56 142,10
56 161,17
56 1100,6
56 162,2
56 1087,2
56 1101,3
56 1102,5
56 163,5
56 985,21
56 164,2
56 71,4
56 72,15
56 73,16
56 75,6
56 1103,13
56 76,2
56 571,17
56 1104,1
56 1105,6
56 143,3
56 81,12
56 165,3
56 166,8
56 82,10
56 1106,1
56 1023,3
56 988,1
56 167,2
56 168,11
56 169,2
56 86,5
56 144,12
56 1107,2
56 9,18
56 170,4
56 171,2
56 88,4
56 990,2
56 172,2
56 173,7
56 498,9
56 174,2
56 145,21
56 175,5
56 91,2
56 176,2
56 177,3
56 178,6
56 179,3
56 1108,2
56 1109,2
56 1110,3
56 1111,25
56 180,2
56 181,2
56 182,3
56 183,2
56 184,2
56 185,4
56 186,2
56 187,2
56 188,8
56 189,4
56 93,8
56 94,8
56 95,5
56 190,3
56 191,3
56 192,1
56 96,3
56 193,2
56 194,2
56 97,4
56 195,1
56 196,1
56 146,8
56 197,3
56 98,7
56 99,4
56 100,7
56 101,4
56 147,7
56 198,2
56 199,2
56 102,7
56 200,4
56 103,7
56 148,6
56 201,2
56 202,1
56 104,5
56 203,6
56 204,2
56 149,4
56 205,5
56 105,5
56 206,3
56 207,4
56 208,3
56 106,4
56 209,5
56 210,3
56 211,4
56 212,2
56 213,2
56 214,2
56 107,4
56 215,10
56 216,6
56 217,4
56 218,2
56 108,11
56 286,2
56 1112,1
56 1113,1
56 1114,2
56 1115,2
56 1116,1
56 1117,1
56 340,1
56 1118,4
56 1119,2
56 1120,1
56 1121,1
56 1122,2
56 1123,2
56 1124,1
56 1125,1
56 1126,1
56 1127,1
56 1128,3
56 1129,1
56 1130,1
56 552,1
56 1131,3
56 1132,1
56 1133,1
56 343,1
56 344,1
56 1134,1
350 602,1
350 605,1
350 606,1
350 246,2
350 610,1
350 13,1
350 613,1
350 303,2
350 622,2
350 1135,1
350 1136,1
416 576,1
416 155,1
416 250,1
416 418,1
416 76,2
416 990,1
842 7,2
447 1009,1
447 1137,1
447 577,1
447 241,1
447 1138,1
447 448,3
447 522,2
447 1087,1
447 1020,1
447 1139,1
447 3,1
447 1140,1
447 811,1
330 57,1
330 58,1
330 1141,1
330 604,1
330 1142,2
330 1143,1
330 1144,1
330 605,1
330 606,2
330 1145,2
330 246,1
330 607,2
330 608,2
330 609,2
330 712,1
330 297,7
330 713,1
330 661,4
330 714,1
330 715,1
330 611,2
330 61,1
330 716,1
330 1146,1
330 238,3
301 241,1
1147 1142,1
1147 732,1
1147 705,1
1147 1148,1
234 223,2
234 250,1
234 479,1
234 454,1
234 926,2
234 1149,1
234 1150,1
234 235,3
234 1022,1
234 807,1
234 743,1
234 1151,1
234 23,1
234 190,1
234 3,1
234 266,1
831 1003,1
831 834,1
831 1005,1
1007 1011,1
1057 225,1
1057 525,1
897 1152,1
897 1153,1
897 968,1
980 993,1
151 516,1
151 65,1
151 866,1
151 520,1
151 163,2
151 934,1
151 1154,1
151 1155,1
151 1156,1
151 652,2
152 520,1
152 164,1
152 1044,1
761 767,1
1157 902,1
1157 1158,1
1159 480,1
1159 113,1
745 746,1
153 1160,1
153 6,3
153 1102,1
153 1161,1
153 8,1
153 9,1
153 87,1
153 640,1
153 990,1
153 1162,2
570 383,1
783 791,1
784 250,1
898 637,1
898 937,1
730 731,1
636 824,1
636 66,1
636 734,2
636 498,1
636 145,1
636 147,2
1141 1142,1
603 687,1
603 144,1
603 9,1
603 145,1
603 188,1
603 215,1
514 1059,1
514 549,1
604 297,2
515 1163,1
515 753,1
515 901,4
515 1164,1
515 420,1
515 741,1
515 929,1
515 1077,1
515 1165,1
515 1139,1
1142 1143,1
1142 1148,1
1144 297,1
605 351,1
605 238,1
576 753,1
576 6,1
576 1069,1
576 76,1
576 77,1
576 1166,1
576 8,1
576 1167,3
576 813,1
576 1168,1
606 297,2
606 661,1
1145 297,1
1145 1146,1
776 142,1
607 297,2
607 661,1
223 800,2
223 1022,1
223 807,1
1008 369,1
864 865,1
864 866,1
864 867,1
712 303,1
712 753,1
712 903,1
712 934,1
712 822,1
712 939,1
1169 799,1
1169 1170,1
60 297,1
60 1096,1
60 333,2
60 894,1
60 985,2
60 1103,1
60 571,2
60 665,1
60 1171,1
60 88,1
60 498,1
60 1115,1
60 1172,1
796 304,2
796 22,1
796 23,1
796 28,1
796 973,1
297 777,1
297 1173,1
297 1174,1
297 725,1
297 318,1
297 319,1
661 224,1
661 752,1
561 562,1
13 753,2
13 157,2
13 81,1
13 1023,1
1010 304,1
1010 368,2
1010 534,1
1010 1042,1
899 303,1
899 934,1
383 870,1
383 389,1
562 304,1
562 1022,1
562 169,1
562 1031,1
562 32,1
777 725,1
777 779,1
1173 1174,1
1163 1077,1
438 565,2
438 70,1
438 1175,1
438 1064,1
438 1176,1
438 872,3
438 1177,1
438 938,1
438 873,4
438 1178,1
438 439,1
438 875,1
438 766,1
438 876,1
1179 76,1
1179 1105,1
762 304,1
762 368,1
762 767,1
1091 286,2
752 704,1
613 687,1
613 1180,1
613 429,1
613 430,1
613 1181,1
1182 1094,1
1182 1183,1
1003 39,2
1003 1005,4
1003 82,2
1003 1184,1
1003 1185,1
62 333,1
62 985,1
62 292,1
1186 691,2
1186 26,1
1186 838,1
618 931,1
618 754,1
619 154,1
619 1187,1
619 1188,1
619 1189,1
619 1190,1
63 345,1
351 621,1
981 6,1
731 732,1
731 332,1
731 362,1
731 735,1
732 705,1
732 963,1
247 248,1
302 241,1
654 736,2
654 687,2
654 737,3
654 655,5
654 252,1
654 1191,1
654 738,1
654 589,6
654 739,3
654 740,1
654 657,4
736 589,1
687 589,1
687 1151,1
687 1192,1
248 753,1
248 67,1
248 594,1
248 698,1
39 303,1
39 577,3
39 741,1
39 844,1
39 824,2
39 905,1
39 595,2
39 1014,1
39 454,1
39 921,1
39 924,1
39 925,1
39 369,3
39 1005,1
39 82,1
39 695,2
39 1193,1
39 547,4
452 1011,1
452 656,1
452 456,1
452 658,1
452 659,1
877 257,1
64 1098,1
64 571,1
1137 522,1
1137 450,1
1137 165,1
303 622,2
303 753,1
303 420,1
303 1194,1
303 331,2
303 1195,1
303 1196,2
303 595,1
303 692,1
303 523,1
303 921,1
303 450,1
303 754,1
303 934,1
303 937,1
303 755,1
303 1060,2
303 1197,2
303 571,2
303 1198,1
303 943,1
303 1022,2
303 534,3
303 808,1
303 257,1
303 954,2
303 958,1
303 1199,1
303 959,2
303 1200,1
303 314,1
303 546,3
303 370,1
303 1201,1
1202 501,1
1202 837,1
797 819,2
797 392,1
827 1203,1
827 18,4
827 368,2
827 1154,1
827 534,1
827 311,1
827 1061,1
827 540,2
827 3,1
827 566,1
827 837,1
827 31,1
827 1204,1
878 879,1
878 544,1
878 1205,1
688 14,1
688 742,1
688 757,1
154 765,1
1206 480,1
1206 1207,1
798 799,1
753 1164,5
753 903,7
753 518,3
753 141,2
753 1208,1
753 65,3
753 157,3
753 67,1
753 521,1
753 142,1
753 1051,2
753 481,5
753 984,1
753 1209,1
753 455,1
753 77,3
753 81,2
753 756,1
753 82,1
753 1210,1
753 537,1
753 170,2
753 488,2
753 1211,2
753 954,4
753 1079,1
753 548,1
753 1212,1
753 1213,1
753 122,1
1011 518,1
1011 481,1
1011 527,1
1011 455,1
1011 532,1
1011 1037,1
1073 1194,5
1073 1214,3
1073 1215,1
1073 448,2
1073 476,1
1073 1208,4
1073 1216,1
1073 1217,1
1073 833,1
1073 1093,1
1073 528,1
1073 531,1
1073 537,1
1073 458,4
1073 284,1
1073 1218,1
1073 1219,1
1073 1220,2
1073 1221,2
1073 1222,3
1073 1038,2
1073 1076,1
1073 1223,1
1203 311,1
799 1095,1
799 157,1
799 334,1
799 1224,1
799 1225,1
799 1226,1
799 502,1
799 1227,1
799 1170,1
799 808,4
799 1228,1
799 1229,1
799 1230,1
625 930,1
625 369,1
625 1021,2
625 1231,1
900 331,1
900 1152,1
900 794,1
1232 800,1
1232 656,1
1233 901,1
1233 1234,1
516 480,1
516 524,1
516 546,1
516 652,1
1235 1019,1
1235 1236,1
901 474,1
901 1234,2
901 420,7
901 448,2
901 518,1
901 1237,2
901 522,1
901 480,1
901 524,1
901 1165,1
901 1139,2
901 1066,1
901 1167,1
901 544,1
901 227,1
901 1238,1
901 1239,1
901 1240,1
901 1241,1
901 555,1
474 943,1
474 487,1
474 1242,1
474 555,1
1164 518,1
1164 481,1
1164 488,1
1164 1211,1
1243 273,2
1243 1055,1
1243 1244,1
1234 420,1
577 844,11
577 903,2
577 824,3
577 448,1
577 518,4
577 1208,1
577 1245,1
577 1246,2
577 1247,1
577 1248,1
577 1017,1
577 40,1
577 527,1
577 835,2
577 1249,5
577 935,1
577 1150,1
577 531,1
577 1022,1
577 1210,1
577 535,1
577 1250,1
577 1251,1
577 1252,1
577 1253,1
577 1140,1
577 1193,4
577 1254,2
577 1037,1
577 1255,2
577 1256,1
577 1257,1
577 548,1
577 1258,1
420 448,1
420 518,1
420 522,1
420 723,1
420 273,3
420 82,1
420 457,1
420 285,1
420 544,1
420 545,1
420 1238,1
420 28,2
420 1239,1
420 553,1
420 1240,1
420 1241,1
579 272,2
579 1259,1
579 312,1
579 275,2
579 278,1
579 1260,1
741 448,1
741 1261,1
741 524,2
741 1089,1
741 779,3
741 1262,2
741 1211,1
741 1256,1
741 748,2
443 1263,1
443 829,2
443 453,1
443 1264,1
443 1265,1
443 272,1
443 482,2
443 1266,2
443 76,4
443 1267,4
443 274,3
443 444,4
443 961,1
443 340,1
443 1268,1
443 1269,1
844 518,1
844 1248,1
844 1017,1
844 527,1
844 531,1
844 1251,1
844 3,1
844 1037,1
844 1255,1
844 548,1
1270 305,1
1270 548,1
1194 800,1
1194 833,1
1194 656,1
1194 534,1
1194 458,1
1194 1218,1
1194 1219,1
1194 1221,1
1094 144,1
1094 1183,1
902 802,1
902 1158,1
304 18,5
304 331,1
304 832,1
304 477,1
304 1271,1
304 978,1
304 1272,1
304 368,22
304 335,2
304 1060,1
304 534,1
304 312,1
304 540,2
304 22,2
304 809,1
304 26,1
304 542,1
304 1075,1
304 1273,2
304 28,2
304 32,1
304 1274,1
304 841,1
304 1275,1
304 1276,1
304 119,1
304 1277,1
304 1278,1
304 1279,1
304 1280,1
304 1281,1
1214 428,1
1214 520,1
1214 907,1
1214 927,1
1214 537,1
1214 1222,1
1214 1038,1
1214 1282,1
1214 1283,1
2 801,1
2 15,2
2 802,2
2 524,1
2 946,1
2 534,2
2 459,2
2 809,1
2 815,1
2 818,1
2 1284,1
2 971,1
2 974,1
800 1285,1
800 934,1
800 369,1
800 656,2
800 1004,1
800 1022,1
800 658,1
800 1286,1
800 120,1
18 477,2
18 833,4
18 481,5
18 836,1
18 809,3
18 187,1
18 566,4
18 748,3
18 548,6
18 550,4
18 841,4
18 1052,1
1215 448,1
903 518,2
903 802,1
903 481,1
903 930,1
903 537,1
903 1254,1
903 962,1
903 1079,1
903 965,1
903 548,1
903 316,1
903 975,1
241 520,1
241 309,1
241 787,1
241 311,1
1012 1027,1
428 595,1
428 1015,2
428 1088,1
428 429,1
428 430,1
428 450,1
428 927,2
428 403,6
428 369,2
428 456,1
428 1155,1
428 275,1
428 458,1
428 404,2
1071 308,1
1071 1287,1
1071 1072,1
1071 1288,1
1071 537,1
1071 288,2
1289 155,1
1289 824,1
904 802,1
904 480,1
904 524,1
904 1019,1
904 949,1
904 855,1
155 824,1
155 141,2
155 1290,2
155 333,1
155 1291,4
155 1098,1
155 984,2
155 1058,1
155 1292,1
155 76,2
155 1293,1
155 81,1
155 756,1
155 1111,8
155 189,1
155 200,1
155 1294,2
155 286,1
155 1295,1
155 1296,2
155 649,1
824 825,1
824 930,1
824 734,1
824 948,1
824 1256,1
824 976,1
384 250,1
384 1265,1
384 931,2
384 1067,1
384 1297,1
384 1176,1
384 278,2
384 1298,1
1095 161,1
1095 81,1
1095 166,1
1095 188,1
1095 1230,1
250 6,5
250 163,1
250 8,3
250 87,2
250 145,2
250 175,1
250 286,1
250 391,1
250 392,1
580 907,1
580 950,1
580 967,1
331 1195,1
331 802,1
331 368,1
331 77,2
331 657,1
331 1030,1
331 124,1
331 583,1
564 161,1
564 540,2
475 157,1
1138 448,1
1299 1300,1
1299 1301,1
448 1208,1
448 369,1
448 1139,2
448 779,1
448 1254,1
832 595,1
832 368,4
865 1302,1
865 595,1
865 369,1
865 808,1
1180 1302,2
1180 430,1
1180 273,1
1180 808,1
476 1208,1
476 157,1
1303 429,1
1303 430,1
518 1208,2
518 835,1
518 1020,1
1237 1154,1
1237 1167,1
1237 227,1
1237 1204,1
141 1096,1
141 65,1
141 333,1
141 1291,1
141 521,1
141 894,2
141 802,1
141 1051,1
141 985,2
141 1103,1
141 571,1
141 942,1
141 1111,2
141 98,1
141 647,1
141 999,1
1196 450,1
1196 1201,1
1302 273,1
1302 804,1
1302 1304,1
1302 538,1
1302 808,3
1302 578,1
1302 1305,1
1302 1306,1
1302 548,1
1208 458,1
1208 190,1
1208 1114,1
1208 1038,1
881 882,1
881 883,1
1307 6,1
1307 286,1
595 1308,1
595 802,1
595 481,2
595 450,1
595 927,1
595 368,3
595 1019,1
595 369,18
595 531,1
595 1061,1
595 1309,1
595 540,1
595 952,1
595 779,1
595 91,1
595 1221,1
595 960,2
595 1256,1
595 1040,1
595 1310,1
595 748,2
595 1311,1
595 1043,1
595 316,1
305 525,1
305 548,1
1312 163,1
1312 1313,1
156 1096,1
156 65,1
1096 65,1
1096 157,1
1096 142,1
1096 72,1
1096 73,1
1096 81,1
1096 82,1
1096 173,1
1096 93,1
1096 94,1
1096 146,1
1096 100,1
1096 102,1
1096 103,1
1096 105,1
1096 207,1
1096 107,1
1096 216,1
1096 217,1
1096 108,1
1160 6,1
1160 8,1
1160 1162,1
65 520,2
65 869,1
65 142,1
65 785,1
65 70,1
65 1103,1
65 498,2
65 91,1
65 190,1
65 108,1
65 286,1
737 655,1
737 589,1
655 763,1
655 1191,1
655 589,1
465 479,1
465 663,1
465 502,1
465 664,2
465 986,1
465 665,1
465 666,1
465 1314,1
465 667,2
465 668,1
465 669,1
465 670,1
465 671,1
465 203,1
465 672,1
465 673,1
465 674,1
465 675,1
465 676,1
465 677,1
465 678,1
465 679,1
385 766,1
385 389,1
1271 368,1
252 704,1
689 14,1
479 190,2
332 81,1
332 697,1
690 695,1
691 499,1
691 694,1
691 695,1
691 540,1
691 26,1
691 838,1
692 14,1
692 733,1
692 704,1
693 1093,1
764 767,1
1290 1058,1
1290 756,1
573 984,1
573 1315,1
573 72,1
573 73,2
573 1316,1
573 82,1
573 9,1
573 87,1
573 173,1
573 1317,1
573 574,2
573 1111,10
573 93,1
573 108,1
573 393,1
573 1318,1
499 501,1
499 540,2
499 284,2
519 7,3
1245 1246,1
866 1154,1
1216 1217,1
906 802,1
906 886,1
1013 1032,1
157 15,1
157 6,5
157 894,1
157 481,2
157 1102,1
157 985,1
157 8,1
157 1023,1
157 485,1
157 9,1
157 87,1
157 642,1
157 808,1
157 190,1
157 1319,1
157 289,1
157 227,1
157 292,1
1217 450,1
1217 404,1
333 66,2
333 142,1
333 72,2
333 73,2
333 76,1
333 77,1
333 143,1
333 82,2
333 144,1
333 9,1
333 145,1
333 91,1
333 179,1
333 93,2
333 146,1
333 98,2
333 99,2
333 100,2
333 147,1
333 102,2
333 103,2
333 148,1
333 203,1
333 149,1
333 205,1
333 206,1
333 207,1
333 209,1
333 211,1
333 215,1
333 216,1
333 108,2
333 26,1
333 838,1
333 116,1
333 123,1
333 129,1
333 131,1
333 133,1
333 136,1
1291 6,1
1291 984,1
1291 8,1
1291 81,1
1291 1294,1
1320 738,1
1320 1321,1
581 14,1
581 1322,1
1097 145,1
1098 168,1
1098 144,1
1098 9,1
306 520,1
306 982,1
306 930,1
306 272,1
306 307,1
306 484,1
306 308,1
306 1323,1
306 278,1
306 313,1
306 289,1
14 1322,1
1135 1136,1
15 534,1
15 23,1
15 1319,1
978 368,1
978 1324,2
978 870,1
978 1325,4
978 1326,1
978 1327,1
978 1328,1
978 979,1
978 1329,1
978 1330,1
978 1049,1
6 281,1
6 7,2
6 282,1
6 1331,1
6 1293,2
6 8,37
6 533,1
6 665,1
6 988,2
6 1332,2
6 86,3
6 283,4
6 1333,2
6 336,1
6 9,8
6 87,8
6 498,2
6 284,1
6 991,1
6 1334,1
6 285,1
6 1242,2
6 1111,3
6 199,1
6 810,1
6 1335,1
6 286,4
6 1112,3
6 287,2
6 288,4
6 289,4
6 814,1
6 996,3
6 340,2
6 1336,2
6 1337,1
6 1338,3
6 290,1
6 291,3
6 1339,1
6 1340,1
6 1341,1
6 1342,1
6 292,2
6 1343,1
6 1344,1
6 293,1
6 1345,1
6 1346,2
6 1347,1
6 294,1
334 1227,1
1246 1210,1
1065 28,1
1015 403,1
1015 455,1
1015 950,1
1015 1348,1
1015 1349,1
1015 1350,1
1015 1038,1
1015 1351,1
1015 1258,1
1224 808,1
520 785,1
520 934,1
520 166,1
520 190,1
520 289,1
520 1282,1
66 985,1
66 571,1
66 498,2
1352 400,1
1352 1353,1
1352 1354,1
1352 1355,1
1263 274,1
1285 658,1
500 469,1
907 1283,1
158 1106,1
158 1356,1
158 174,1
158 1205,2
1357 272,1
1357 278,1
1225 808,1
1099 145,1
1247 40,1
829 274,1
829 1358,1
829 1359,1
908 909,1
908 254,1
1360 1084,1
1360 956,1
521 369,1
521 822,1
225 833,3
225 524,2
225 450,1
225 529,2
225 369,1
225 70,2
225 807,1
225 1025,1
225 536,3
225 537,4
225 538,3
225 853,2
225 1034,2
225 1062,1
225 1361,1
225 1036,1
225 855,3
225 1039,2
225 747,1
225 551,3
225 861,1
225 862,1
833 454,1
833 1086,1
833 1087,1
833 1362,1
522 1086,1
522 1087,2
522 789,1
522 958,1
68 337,1
408 409,1
160 210,2
160 594,1
160 1363,1
160 1364,2
887 426,1
281 802,1
281 1017,1
281 945,1
281 1047,1
453 1267,1
453 457,1
453 459,1
869 1365,1
869 1366,1
910 272,1
894 845,1
894 984,1
894 72,1
894 73,1
894 75,1
894 82,1
894 9,1
894 173,1
894 178,1
894 189,1
894 98,3
894 147,1
894 200,1
894 205,1
894 209,1
1308 369,1
911 936,1
911 944,1
911 966,1
845 846,1
845 275,1
845 950,1
846 944,1
846 3,1
768 769,1
1264 76,1
912 802,1
802 913,1
802 914,1
802 915,1
802 916,1
802 917,1
802 918,1
802 919,1
802 920,1
802 921,1
802 922,1
802 637,1
802 923,1
142 985,2
142 1103,1
142 1104,1
142 286,1
142 780,1
523 822,1
523 1060,1
982 992,2
982 1367,1
982 996,1
1272 368,1
915 481,1
915 1067,1
915 1311,1
919 480,1
919 524,1
919 874,1
1016 455,1
1051 984,1
1051 540,1
454 1069,4
454 1368,1
454 1369,1
454 1370,1
454 711,1
454 695,3
454 456,1
454 1151,1
454 1090,1
454 1371,1
454 1372,1
454 548,1
454 1362,1
921 481,1
921 984,1
480 637,1
480 1373,1
480 524,12
480 926,1
480 1374,1
480 929,1
480 482,1
480 1375,1
480 1207,1
480 456,1
480 1376,1
480 457,1
480 1085,1
480 189,1
480 1377,1
480 113,1
480 1378,1
637 524,1
1373 524,1
1379 1084,1
1379 1380,1
1379 488,1
1379 362,1
1379 813,2
1379 959,1
1379 1381,1
1261 779,1
524 1088,1
524 926,1
524 1375,1
524 534,1
524 1376,1
524 9,1
524 1262,1
524 1377,1
524 1378,1
1248 282,1
1248 1382,1
481 926,1
481 984,1
481 368,4
481 934,1
481 369,2
481 1027,1
481 87,1
481 1383,1
481 1384,2
481 954,1
481 187,1
481 1033,1
481 1385,1
481 410,1
481 1041,1
481 492,1
481 122,1
885 886,1
983 993,1
924 927,1
924 960,1
1086 1386,1
1086 1087,8
1086 1387,1
1086 527,1
1086 1079,1
1086 855,1
161 1087,1
161 1102,1
161 571,1
161 1023,1
161 1116,1
161 1118,1
161 1121,1
161 1122,1
161 1125,1
161 1131,1
161 1132,1
161 1133,1
925 1018,1
925 1019,1
925 855,1
925 970,1
925 972,1
1226 1229,1
733 1388,1
733 1389,1
733 1390,3
733 1391,1
1388 1390,1
1017 934,1
847 695,1
1088 403,1
1392 429,1
1392 430,1
429 430,8
429 450,2
429 403,1
429 1393,1
429 88,1
429 458,1
429 404,2
429 1181,1
429 1038,1
429 1394,1
926 1150,1
926 1395,1
926 743,1
926 87,1
926 951,1
926 284,1
926 459,2
926 1396,1
430 450,1
430 927,1
430 1393,1
430 458,1
430 404,2
430 1038,1
430 31,1
430 1394,1
1397 77,1
1397 1398,1
450 403,2
450 369,1
450 1399,1
450 77,1
450 8,1
450 81,1
450 165,3
450 311,1
450 456,1
450 88,1
450 404,8
450 107,1
450 1294,1
450 1363,1
450 1400,1
450 405,1
450 1256,1
450 1401,1
450 1310,1
1402 1069,1
1402 587,1
1069 587,1
1069 1403,1
1069 1404,1
1069 1090,1
1069 1372,1
1069 1167,1
587 375,1
927 275,1
1374 929,1
1368 1369,1
928 931,1
1405 1406,1
1405 1407,1
929 459,1
1408 1239,1
1408 1409,1
930 1323,1
930 1021,1
803 742,1
704 754,1
704 743,1
704 705,1
704 706,1
742 743,1
742 817,1
742 758,1
1410 1198,1
1410 1411,2
1410 1412,1
1100 75,1
1100 166,1
1100 144,1
1100 9,1
1100 145,1
1100 215,1
1092 23,1
984 985,1
984 1111,2
984 98,1
984 999,1
785 795,1
1093 168,1
1093 1221,1
1093 971,1
582 272,2
582 275,2
582 772,1
582 278,1
1265 272,1
1265 482,1
1265 278,2
272 426,2
272 40,1
272 931,1
272 273,1
272 274,4
272 275,5
272 276,1
272 277,2
272 278,13
272 1413,1
272 1414,1
426 274,1
426 278,1
482 275,1
482 1268,1
40 278,1
501 837,1
1415 1198,1
1415 1416,1
1386 1087,1
1087 1387,1
1087 527,1
1087 81,1
1087 1090,1
1087 1079,1
1087 855,1
1101 144,1
1101 145,1
1101 203,1
931 754,1
931 70,1
931 1176,2
931 872,1
931 1417,1
931 947,3
931 278,3
1370 1371,1
1058 542,1
1067 822,4
1067 1418,1
1067 1061,1
1067 850,1
1067 1085,1
1067 1252,1
1067 1419,1
1067 886,2
1067 1420,1
1067 773,1
1067 1421,2
1067 548,1
1067 1311,1
1067 1422,1
1067 1043,1
1067 1423,1
565 872,1
565 275,1
565 28,2
1297 1298,1
1102 188,1
1102 210,1
403 335,1
403 458,1
403 404,3
403 405,2
932 933,1
1149 235,1
1074 958,1
368 1060,2
368 534,2
368 1075,2
368 1273,1
368 1275,1
368 1276,1
368 119,1
368 1277,1
368 1278,1
368 1279,1
368 1280,1
368 1281,1
1259 1260,1
163 985,1
163 1155,1
163 1156,1
163 1313,1
526 556,2
1266 1267,1
1266 444,1
1209 77,1
528 284,1
834 835,1
985 72,2
985 73,2
985 987,1
985 82,1
985 168,1
985 173,1
985 175,1
985 93,1
985 94,1
985 100,1
985 102,1
985 103,1
985 105,1
985 106,1
985 215,1
985 998,1
985 122,1
1424 1383,1
1424 1425,1
835 1249,1
1426 1427,1
1426 1428,1
1315 393,1
1324 1326,1
1324 1329,1
1249 935,1
1249 1150,1
1249 1252,1
1249 1257,1
226 1019,1
1019 934,1
1019 1429,1
1019 1430,2
1019 1431,1
1019 1432,1
1019 369,2
1019 1433,2
1019 822,3
1019 1434,2
1019 282,1
1019 1236,1
1019 485,1
1019 850,1
1019 538,1
1019 1348,1
1019 1252,2
1019 855,3
1019 658,1
1019 1422,1
1019 1435,1
1019 1436,1
1019 1437,1
934 935,1
934 455,1
934 937,1
934 531,1
934 1438,2
934 535,1
934 537,1
934 954,1
934 1439,1
934 819,1
934 967,1
934 1440,1
1429 1435,1
1430 855,1
1430 1437,1
1431 658,1
1432 855,1
935 77,1
369 656,1
369 531,2
369 532,1
369 535,1
369 1026,1
369 537,1
369 1028,1
369 1309,1
369 459,1
369 91,1
369 1221,1
369 960,2
369 1037,1
369 1038,1
369 545,1
369 1040,2
369 1310,1
369 748,4
369 1311,1
369 859,1
369 1043,2
1433 1348,1
1433 1252,1
822 937,1
822 850,3
822 1252,2
822 1419,1
822 1253,1
822 854,1
822 1422,2
822 1201,1
1434 485,1
1434 1436,1
282 1441,1
282 1380,1
282 538,1
282 888,1
282 1382,1
282 1442,1
1418 548,1
1443 1444,1
1443 1445,1
70 873,1
70 498,1
70 278,1
70 1361,1
455 456,1
455 954,1
1152 1153,1
1152 794,1
1446 708,1
1446 362,1
1446 1385,1
1446 959,1
530 533,1
738 1321,1
738 1447,1
738 946,1
738 1448,1
738 1449,1
738 1450,1
738 1451,1
72 1103,1
72 571,1
72 498,1
72 1111,2
72 993,1
1161 1162,1
1399 1294,1
73 1103,1
73 571,1
73 1316,1
73 498,1
73 574,2
73 1242,1
73 1452,1
73 1111,2
73 993,1
235 266,1
786 789,1
1175 1178,1
75 1111,1
895 275,1
895 392,1
1176 766,1
1176 947,1
872 873,1
872 947,1
1292 1111,1
1177 873,1
938 275,1
874 1453,1
874 1454,1
874 1323,2
874 876,1
1453 1323,1
1454 1323,1
1417 1455,1
1417 947,1
1417 400,1
1417 1406,1
1417 1354,1
308 288,1
1287 288,1
1103 81,1
1103 175,1
1103 178,1
1103 94,1
1103 146,1
1103 203,1
1103 108,1
734 890,1
1084 1066,1
1084 1456,1
1084 1457,1
1084 956,4
1084 959,1
1084 1458,1
1084 1459,1
1084 1460,1
940 955,1
755 1461,1
755 1273,1
76 1166,1
76 1105,2
76 1267,1
76 444,3
76 1333,1
76 1114,1
76 961,1
76 340,1
76 1462,3
76 1339,1
77 723,1
77 1210,1
77 1256,1
77 1398,1
77 347,1
1060 1199,1
588 375,1
664 986,1
723 273,1
941 275,1
273 457,1
273 1055,1
273 285,1
273 1244,1
656 1020,1
656 1004,1
804 1304,1
804 806,1
1197 571,1
1197 1022,1
805 387,1
638 103,1
571 81,1
571 168,1
571 170,1
571 257,1
571 178,2
571 185,1
571 95,1
571 103,1
571 148,1
571 216,1
571 217,1
571 1463,1
1447 946,1
78 342,1
78 346,1
1198 959,1
1198 1411,1
1198 1416,1
1331 8,1
1293 8,1
1293 291,1
1293 1296,1
1105 81,1
1105 166,1
1105 144,1
1105 9,1
1105 145,1
1105 188,1
1105 1462,1
943 1242,1
310 456,1
310 315,1
1441 1380,1
1288 537,1
1464 627,1
1464 629,1
627 1465,2
627 628,4
627 629,7
627 1466,2
627 630,1
627 1467,1
627 1468,3
627 538,1
627 1469,1
627 1470,3
627 1471,5
627 1472,2
1465 1470,1
1465 1471,1
628 1468,1
628 1470,1
628 1471,1
711 548,1
629 1467,1
629 1468,1
629 538,1
629 1469,1
629 1471,1
1466 1470,1
1466 1471,1
531 1223,1
1005 1185,1
8 665,1
8 1332,1
8 1333,1
8 498,2
8 1334,1
8 1242,1
8 1111,1
8 199,1
8 1335,1
8 1112,1
8 996,2
8 340,2
8 1336,1
8 1338,1
8 1339,1
8 1340,1
8 1341,1
8 1343,1
8 1344,1
8 1345,1
8 1346,1
8 1347,1
81 311,1
81 1107,1
81 1115,1
81 1119,1
81 1128,1
532 1021,2
532 1029,1
1077 1078,1
1077 1079,1
1021 1029,2
1021 1231,1
1021 841,1
1438 1085,1
1438 1473,1
1438 1439,1
1438 1440,1
533 166,1
166 91,1
166 1117,1
166 1118,1
665 88,1
665 184,1
665 28,1
82 1184,1
82 488,1
82 1111,2
82 28,1
1022 1250,1
1154 1204,2
387 810,1
1267 444,1
1455 1406,1
589 739,1
589 657,1
946 1188,1
946 392,1
946 1189,1
770 771,1
947 956,1
400 1354,2
400 401,1
739 657,1
1406 1407,1
849 856,1
1066 1457,1
1314 667,1
1171 1172,1
534 808,1
534 1200,1
534 1284,1
988 87,1
311 456,1
311 284,1
311 90,1
311 1222,1
311 491,1
870 1325,1
1403 1404,1
788 790,1
989 144,1
789 958,1
444 1114,1
444 1339,1
1024 1025,1
1061 540,3
1061 886,1
1365 1366,1
456 457,2
456 458,1
456 404,1
456 460,1
1376 1474,1
1376 1475,1
457 461,1
1332 87,1
1353 1355,1
639 168,1
168 1113,1
168 1122,1
168 1131,1
168 971,1
535 578,1
535 1048,1
1476 1477,1
1476 1478,1
1389 1390,1
1395 284,1
169 1118,1
86 498,2
86 1134,1
283 1333,1
283 1242,1
283 1346,1
144 1108,1
144 1109,1
144 1110,1
1155 275,1
275 953,1
275 957,1
275 958,1
275 961,1
275 964,1
275 969,1
1444 1445,1
743 744,1
950 1258,1
1468 1472,1
1085 1473,1
1085 1421,3
1085 1479,1
1085 1480,1
1380 1381,1
538 1305,1
1107 188,1
1448 1449,1
1333 1462,1
9 891,1
9 1111,3
9 1112,2
9 994,1
9 1338,1
9 1118,1
9 1120,1
9 1123,1
9 1130,1
9 552,3
170 1212,1
170 1213,1
87 1111,2
1187 1190,1
1188 1189,2
1151 1192,1
1477 1478,1
641 146,1
89 718,1
1300 1301,1
486 488,1
1348 1349,1
458 1220,1
458 1222,1
458 227,2
1456 1459,1
851 3,1
173 1111,2
498 104,1
498 208,1
498 215,1
498 108,2
1356 1205,1
174 1205,1
540 541,2
540 837,3
540 1274,1
540 554,3
540 568,1
404 1401,1
404 1310,1
284 492,1
278 1413,1
278 1414,1
459 954,1
459 1396,1
22 1273,1
808 227,2
808 1306,1
808 1228,1
90 1222,1
1317 1318,1
1383 1384,1
1383 1425,1
1383 1172,1
1383 1481,1
145 1108,1
145 1109,1
145 1110,1
145 1114,1
145 1123,1
145 1126,1
145 1127,1
145 1128,1
145 1129,1
1390 1391,1
339 138,1
779 1256,2
886 1420,1
1253 1193,1
1253 1201,1
488 813,2
1384 1385,1
708 709,1
708 362,1
708 1081,1
708 1082,1
643 103,1
1461 1273,1
992 1367,1
1262 1211,1
1211 954,1
1482 1483,1
1482 1484,1
954 292,1
954 316,1
178 1463,1
178 651,1
489 493,1
23 3,1
23 591,1
23 592,1
1325 1327,1
1325 1328,1
1325 1330,1
1350 1351,1
1110 215,1
574 1242,1
574 1452,1
574 1111,1
1111 182,1
1111 189,2
1111 93,2
1111 94,1
1111 95,1
1111 97,1
1111 146,1
1111 98,1
1111 101,1
1111 147,1
1111 102,1
1111 200,2
1111 203,1
1111 205,1
1111 209,1
1111 215,1
1111 108,2
1111 1294,1
1111 1296,1
184 28,1
188 1128,1
189 648,1
190 1114,2
190 1131,1
194 650,1
146 1119,1
146 1001,1
103 646,1
210 1485,1
210 1486,1
210 1364,1
107 645,1
215 1124,1
1487 1488,1
1487 391,1
362 813,1
1427 1428,1
3 857,1
286 1295,1
1485 1486,1
1220 1222,1
792 793,1
578 548,1
1305 1489,1
1305 1490,1
1112 288,1
1363 1400,1
1363 1364,1
287 996,1
956 1458,1
956 1460,1
1167 813,1
1167 1168,1
958 1076,1
1385 959,1
1193 1255,1
1193 1258,1
1489 1490,1
1035 1037,1
288 1336,1
289 1337,1
289 1338,1
542 840,1
542 553,1
773 1423,1
773 774,1
1488 391,1
389 393,1
1421 1479,1
1421 1480,1
1421 1043,1
469 1491,1
469 1492,1
470 495,1
544 1205,1
340 1462,1
340 1269,1
410 492,1
997 1000,1
888 889,1
888 1442,1
1038 1046,1
291 1342,1
1474 1475,1
1491 1492,1
1041 553,1
1471 1472,1
1483 1484,1
31 839,1
726 727,1
1450 1451,1
1411 1412,1
1286 120,1
1239 1409,1
552 229,1
1045 553,1
1358 1359,1
1172 1481,1
