1 -0.0
2 -0.0
3 -0.0
4 -0.0
5 -0.0
6 -0.0
7 -0.0
8 -0.0
9 -0.0
10 -0.0
11 -0.0
12 -0.0
14 -0.0
15 -0.0
16 -0.0
17 -0.0
18 -0.0
20 -0.0
22 -0.0
23 -0.0
24 -0.0
25 -0.0
26 -0.0
28 -0.0
29 0.223911981529
30 -0.0
31 -0.0
33 -0.0
34 -0.0
35 -0.0
36 -0.0
37 -0.0
38 -0.0
39 -0.0
40 -0.0
41 -0.0
42 -0.0
43 -0.0
44 -0.0
45 0.168603410267
46 -0.0
47 -0.0
48 -0.0
49 -0.0
50 -0.0
51 -0.0
52 -0.0
53 -0.0
54 -0.0
55 -0.0
56 -0.0
57 -0.0
58 -0.0
59 -0.0
60 -0.0
61 -0.0
62 -0.0
63 -0.0
64 -0.0
65 -0.0
66 -0.0
67 0.429093199093
68 1.03248122732
69 -0.0
71 -0.0
72 -0.0
73 -0.0
75 0.249609644378
76 -0.0
77 -0.0
78 -0.0
79 -0.0
80 -0.0
81 -0.0
82 -0.0
83 -0.0
84 0.436280592682
85 -0.0
86 -0.0
87 0.0434203855156
88 -0.0
89 -0.0
90 -0.0
91 -0.0
93 -0.0
94 -0.0
95 2.58282053664
96 0.167682218918
98 -0.0
99 1.44647644618
100 -0.0
102 -0.0
104 0.101507765806
105 -0.0
106 -0.0
107 -0.0
108 -0.0
110 -0.0
111 -0.0
112 -0.0
113 -0.0
115 -0.0
116 -0.0
118 -0.0
119 -0.0
120 -0.0
121 -0.0
122 -0.0
123 2.61077382762
124 0.0121550944908
125 -0.0
126 -0.0
127 -0.0
128 -0.0
131 -0.0
132 -0.0
133 -0.0
134 -0.0
135 -0.0
136 -0.0
137 -0.0
138 -0.0
139 -0.0
140 -0.0
141 0.164663792496
142 -0.0
143 -0.0
144 -0.0
145 -0.0
146 -0.0
148 0.140392041712
149 -0.0
150 -0.0
151 -0.0
152 -0.0
153 0.778342990288
154 -0.0
155 -0.0
156 -0.0
157 -0.0
158 -0.0
159 -0.0
160 -0.0
161 -0.0
162 -0.0
163 -0.0
164 -0.0
165 0.581672353441
166 -0.0
167 -0.0
169 -0.0
171 -0.0
172 1.46058149586
173 -0.0
174 -0.0
176 -0.0
178 -0.0
179 0.180535100085
180 -0.0
181 -0.0
182 -0.0
183 -0.0
184 -0.0
185 -0.0
186 -0.0
187 -0.0
188 -0.0
189 -0.0
190 -0.0
193 -0.0
194 -0.0
196 -0.0
197 -0.0
198 -0.0
199 -0.0
200 2.87604845014
201 -0.0
202 -0.0
204 -0.0
205 -0.0
206 -0.0
207 -0.0
208 -0.0
209 -0.0
210 -0.0
213 -0.0
214 -0.0
215 -0.0
217 -0.0
218 -0.0
219 -0.0
220 -0.0
221 -0.0
223 -0.0
224 -0.0
226 -0.0
227 -0.0
229 -0.0
230 -0.0
231 -0.0
233 -0.0
234 -0.0
236 -0.0
237 -0.0
238 -0.0
241 -0.0
242 -0.0
243 -0.0
244 -0.0
246 -0.0
248 -0.0
250 -0.0
251 -0.0
252 -0.0
253 -0.0
254 -0.0
255 -0.0
256 -0.0
257 -0.0
259 -0.0
260 -0.0
261 0.232201111969
263 -0.0
265 -0.0
266 -0.0
269 -0.0
271 -0.0
273 -0.0
275 -0.0
276 -0.0
277 -0.0
278 7.68813323706
279 -0.0
280 -0.0
281 -0.0
282 -0.0
283 -0.0
284 -0.0
285 -0.0
286 -0.0
287 -0.0
288 -0.0
289 -0.0
290 -0.0
291 -0.0
292 -0.0
293 12.0012468235
294 4.3177177949
295 0.0114395271063
296 -0.0
297 -0.0
298 0.309270243057
299 -0.0
300 -0.0
301 -0.0
302 0.0643453912655
303 -0.0
304 -0.0
305 -0.0
306 -0.0
307 9.63707120795
308 -0.0
309 -0.0
310 -0.0
311 -0.0
312 -0.0
313 -0.0
314 10.7293749592
315 0.0862145365737
316 0.816260802423
317 -0.0
318 -0.0
320 -0.0
321 1.00348701446
322 -0.0
323 0.254907399585
324 11.5869164309
325 -0.0
326 -0.0
327 -0.0
328 -0.0
329 -0.0
330 -0.0
331 -0.0
332 -0.0
333 0.967712121908
334 1.84999494071
335 -0.0
339 -0.0
341 6.85937695643
342 -0.0
343 -0.0
345 12.0012468235
346 -0.0
347 -0.0
348 -0.0
351 0.140392041712
352 -0.0
353 -0.0
354 -0.0
355 -0.0
356 0.165087925066
357 -0.0
358 -0.0
359 -0.0
360 1.41502583997
362 -0.0
365 -0.0
368 -0.0
369 -0.0
370 1.60947148394
376 0.792264946121
378 -0.0
379 -0.0
380 -0.0
381 -0.0
382 -0.0
383 -0.0
385 0.10120353855
386 -0.0
387 -0.0
388 0.00975951650358
389 -0.0
390 -0.0
391 -0.0
392 -0.0
393 -0.0
396 -0.0
398 -0.0
399 -0.0
401 -0.0
403 -0.0
404 -0.0
405 -0.0
406 -0.0
407 -0.0
408 -0.0
410 -0.0
411 -0.0
412 -0.0
413 -0.0
414 -0.0
415 0.0202129199908
416 0.0590524228779
417 -0.0
419 -0.0
420 -0.0
421 -0.0
422 0.0382697888057
423 2.0468546485
424 7.29209597128
425 -0.0
426 -0.0
427 -0.0
428 -0.0
431 -0.0
432 -0.0
434 -0.0
435 -0.0
436 -0.0
437 -0.0
438 -0.0
439 -0.0
440 -0.0
442 -0.0
444 -0.0
445 -0.0
447 -0.0
448 -0.0
449 -0.0
451 -0.0
452 -0.0
453 -0.0
454 -0.0
455 -0.0
456 -0.0
458 -0.0
459 -0.0
460 -0.0
461 -0.0
462 -0.0
463 -0.0
465 -0.0
466 -0.0
467 -0.0
468 -0.0
469 -0.0
470 -0.0
472 -0.0
473 -0.0
474 -0.0
475 -0.0
477 -0.0
478 -0.0
479 -0.0
480 -0.0
481 -0.0
482 -0.0
483 -0.0
484 -0.0
485 -0.0
486 -0.0
487 0.103593505561
489 -0.0
490 -0.0
491 -0.0
492 -0.0
493 -0.0
497 -0.0
498 -0.0
499 -0.0
500 -0.0
501 -0.0
502 -0.0
503 -0.0
504 -0.0
505 -0.0
506 -0.0
507 -0.0
508 -0.0
509 -0.0
511 -0.0
512 6.37788673675
513 -0.0
514 -0.0
515 -0.0
518 -0.0
520 -0.0
521 -0.0
526 -0.0
528 -0.0
530 -0.0
531 -0.0
532 -0.0
533 0.152172760997
534 -0.0
535 -0.0
536 -0.0
538 -0.0
539 -0.0
540 -0.0
541 -0.0
542 -0.0
545 -0.0
546 -0.0
547 -0.0
548 -0.0
549 -0.0
554 -0.0
555 -0.0
556 -0.0
559 -0.0
561 -0.0
563 -0.0
564 -0.0
565 -0.0
566 -0.0
568 -0.0
569 -0.0
570 -0.0
571 -0.0
573 -0.0
574 -0.0
575 -0.0
577 2.24342816601
578 -0.0
579 -0.0
580 -0.0
581 -0.0
583 -0.0
585 -0.0
586 0.00339009734109
587 -0.0
588 -0.0
589 -0.0
590 -0.0
591 -0.0
592 -0.0
593 0.000604567658373
595 -0.0
596 -0.0
597 -0.0
598 -0.0
599 -0.0
600 -0.0
601 -0.0
602 -0.0
603 -0.0
605 -0.0
607 -0.0
608 -0.0
609 -0.0
610 -0.0
611 -0.0
612 -0.0
613 -0.0
614 -0.0
615 -0.0
616 -0.0
617 -0.0
618 -0.0
619 -0.0
620 -0.0
621 -0.0
622 -0.0
623 10.7293749592
624 -0.0
625 3.55566254449
628 -0.0
629 -0.0
630 -0.0
631 -0.0
633 0.16101139097
634 0.0862616260817
635 -0.0
636 0.167682218918
637 -0.0
638 -0.0
639 -0.0
641 -0.0
642 -0.0
643 -0.0
644 -0.0
645 -0.0
646 -0.0
647 -0.0
648 -0.0
649 0.0614938842647
652 -0.0
654 12.0012468235
655 -0.0
656 -0.0
657 -0.0
658 -0.0
659 -0.0
660 -0.0
661 -0.0
662 -0.0
664 -0.0
665 -0.0
666 -0.0
667 -0.0
668 0.021592165884
669 -0.0
670 -0.0
671 -0.0
672 10.3429547655
673 -0.0
674 -0.0
676 -0.0
677 -0.0
679 -0.0
680 -0.0
681 -0.0
682 -0.0
684 1.58848921798
685 -0.0
687 -0.0
688 -0.0
689 1.38869228442
690 -0.0
691 -0.0
692 -0.0
693 -0.0
694 -0.0
696 -0.0
697 -0.0
698 -0.0
699 -0.0
700 -0.0
701 0.862925167717
702 -0.0
705 -0.0
706 -0.0
708 -0.0
709 -0.0
710 0.459126683612
711 -0.0
712 -0.0
713 -0.0
714 -0.0
715 -0.0
716 -0.0
717 -0.0
718 -0.0
719 -0.0
720 -0.0
723 -0.0
724 -0.0
725 -0.0
726 -0.0
727 -0.0
728 -0.0
729 -0.0
730 -0.0
731 -0.0
732 0.0382697888057
734 -0.0
735 -0.0
736 -0.0
737 -0.0
738 -0.0
739 -0.0
741 -0.0
742 -0.0
743 -0.0
747 -0.0
748 -0.0
750 -0.0
751 -0.0
753 -0.0
754 -0.0
755 -0.0
756 -0.0
758 -0.0
759 -0.0
761 -0.0
762 -0.0
763 -0.0
765 -0.0
766 -0.0
767 -0.0
770 10.6774596529
771 -0.0
772 -0.0
773 -0.0
774 -0.0
775 -0.0
776 -0.0
778 -0.0
779 -0.0
781 -0.0
782 -0.0
783 -0.0
784 -0.0
785 -0.0
787 -0.0
789 -0.0
790 -0.0
791 -0.0
792 -0.0
794 0.371242331691
797 -0.0
798 -0.0
800 -0.0
801 1.74687774138
803 0.362102485358
804 -0.0
805 -0.0
806 -0.0
807 -0.0
808 -0.0
809 -0.0
810 -0.0
811 -0.0
812 -0.0
813 -0.0
814 -0.0
815 -0.0
816 -0.0
818 -0.0
819 -0.0
820 0.00678913200528
821 -0.0
822 -0.0
823 -0.0
824 -0.0
825 -0.0
826 -0.0
828 -0.0
829 -0.0
830 0.0862616260817
831 -0.0
832 -0.0
833 -0.0
834 -0.0
835 0.102144826574
836 -0.0
838 -0.0
839 -0.0
840 -0.0
841 0.021592165884
842 -0.0
843 -0.0
844 -0.0
845 -0.0
846 0.745854018672
848 0.671613260326
849 -0.0
850 6.28563444178
851 -0.0
852 -0.0
853 -0.0
854 -0.0
855 -0.0
856 -0.0
857 -0.0
858 -0.0
860 -0.0
861 -0.0
862 -0.0
863 -0.0
864 2.97306531101
865 -0.0
866 -0.0
867 -0.0
868 -0.0
869 1.06526411519
871 -0.0
872 -0.0
873 -0.0
875 -0.0
876 -0.0
877 -0.0
879 -0.0
880 1.68740273233
881 -0.0
882 -0.0
883 -0.0
884 0.103593505561
885 -0.0
886 -0.0
887 -0.0
889 -0.0
890 -0.0
892 -0.0
893 -0.0
894 -0.0
895 -0.0
896 -0.0
897 -0.0
898 -0.0
899 -0.0
900 -0.0
901 -0.0
902 -0.0
903 0.489510352464
904 -0.0
905 2.8037953421
906 -0.0
907 -0.0
908 -0.0
909 -0.0
910 2.18047508171
911 -0.0
912 -0.0
913 -0.0
914 -0.0
915 0.208484156358
916 0.0966784872007
917 -0.0
918 -0.0
919 -0.0
920 -0.0
921 -0.0
922 -0.0
923 1.18436302167
924 -0.0
925 -0.0
926 -0.0
927 -0.0
928 -0.0
929 -0.0
930 -0.0
931 -0.0
932 -0.0
934 -0.0
936 -0.0
937 0.173948533152
938 -0.0
940 -0.0
941 0.408037332568
943 -0.0
944 -0.0
945 -0.0
946 -0.0
947 -0.0
948 -0.0
949 -0.0
950 -0.0
951 -0.0
952 -0.0
955 -0.0
958 -0.0
959 -0.0
960 1.49821400566
961 -0.0
962 0.596371154076
965 -0.0
966 -0.0
967 -0.0
968 -0.0
969 0.0313301582449
970 -0.0
971 -0.0
973 -0.0
974 -0.0
975 -0.0
977 -0.0
978 -0.0
982 -0.0
984 -0.0
985 10.2957610025
987 -0.0
991 -0.0
993 0.613501034449
994 -0.0
995 -0.0
996 -0.0
997 -0.0
998 -0.0
999 -0.0
1000 -0.0
1001 -0.0
1002 -0.0
1003 -0.0
1005 4.49219565325
1006 -0.0
1007 -0.0
1009 0.0221383110201
1011 -0.0
1012 -0.0
1013 -0.0
1014 -0.0
1015 -0.0
1016 -0.0
1017 -0.0
1018 2.21542763671
1020 -0.0
1023 -0.0
1024 -0.0
1025 -0.0
1027 -0.0
1028 -0.0
1030 -0.0
1031 -0.0
1032 -0.0
1033 -0.0
1035 -0.0
1036 -0.0
1037 -0.0
1038 -0.0
1039 -0.0
1040 -0.0
1042 -0.0
1044 -0.0
1045 -0.0
1047 -0.0
1049 -0.0
1050 -0.0
1052 -0.0
1054 -0.0
1058 -0.0
1059 -0.0
1060 -0.0
1061 -0.0
1063 -0.0
1064 0.327683479028
1065 -0.0
1067 -0.0
1069 -0.0
1071 -0.0
1072 -0.0
1073 -0.0
1074 3.38714464946
1077 -0.0
1078 -0.0
1079 -0.0
1080 0.259190375166
1082 3.5628267667
1083 -0.0
1084 -0.0
1085 -0.0
1086 -0.0
1087 -0.0
1088 -0.0
1089 -0.0
1092 -0.0
1093 -0.0
1095 -0.0
1096 0.836855627269
1097 -0.0
1098 -0.0
1100 -0.0
1101 -0.0
1102 0.221192881382
1104 -0.0
1106 -0.0
1107 -0.0
1111 -0.0
1113 -0.0
1114 -0.0
1116 0.828350761118
1117 -0.0
1118 -0.0
1119 -0.0
1120 -0.0
1121 -0.0
1122 -0.0
1123 -0.0
1124 -0.0
1125 -0.0
1126 -0.0
1127 -0.0
1129 -0.0
1131 -0.0
1132 -0.0
1133 -0.0
1134 -0.0
1135 -0.0
1137 0.398014496563
1138 0.152172760997
1139 -0.0
1140 -0.0
1142 -0.0
1143 -0.0
1145 -0.0
1146 12.0012468235
1147 -0.0
1148 0.0331077978722
1152 -0.0
1153 -0.0
1154 -0.0
1155 2.42594881309
1156 -0.0
1158 -0.0
1159 -0.0
1160 -0.0
1161 0.459126683612
1162 -0.0
1163 -0.0
1164 -0.0
1165 -0.0
1167 -0.0
1170 -0.0
1173 -0.0
1175 0.0533530830234
1177 -0.0
1178 -0.0
1179 -0.0
1180 -0.0
1181 -0.0
1182 2.88176173592
1183 -0.0
1184 -0.0
1186 -0.0
1188 -0.0
1189 -0.0
1190 -0.0
1191 -0.0
1192 12.0012468235
1193 -0.0
1194 -0.0
1196 -0.0
1197 -0.0
1200 -0.0
1202 10.7293749592
1203 -0.0
1205 0.459126683612
1208 -0.0
1209 -0.0
1210 -0.0
1212 -0.0
1214 -0.0
1216 -0.0
1217 -0.0
1219 -0.0
1220 -0.0
1221 -0.0
1222 -0.0
1223 -0.0
1225 -0.0
1226 -0.0
1227 -0.0
1228 0.128632235331
1229 -0.0
1230 -0.0
1232 -0.0
1235 -0.0
1240 -0.0
1243 -0.0
1244 -0.0
1245 -0.0
1246 -0.0
1247 -0.0
1248 -0.0
1249 -0.0
1250 -0.0
1251 -0.0
1252 -0.0
1253 -0.0
1254 -0.0
1256 -0.0
1259 -0.0
1261 -0.0
1262 -0.0
1263 1.60947342773
1264 -0.0
1267 -0.0
1268 -0.0
1270 -0.0
1271 -0.0
1272 -0.0
1273 -0.0
1274 -0.0
1275 -0.0
1276 -0.0
1277 -0.0
1279 -0.0
1280 -0.0
1281 -0.0
1282 -0.0
1286 -0.0
1288 0.256566988317
1289 -0.0
1290 -0.0
1291 -0.0
1292 -0.0
1296 -0.0
1298 -0.0
1299 -0.0
1300 -0.0
1301 -0.0
1302 -0.0
1303 -0.0
1304 -0.0
1305 -0.0
1306 -0.0
1307 -0.0
1308 -0.0
1310 0.0331077978722
1311 -0.0
1313 -0.0
1314 -0.0
1315 -0.0
1316 -0.0
1317 -0.0
1318 -0.0
1319 -0.0
1320 -0.0
1321 -0.0
1322 11.3102457069
1323 -0.0
1324 -0.0
1325 -0.0
1326 0.377152307412
1327 -0.0
1331 -0.0
1332 -0.0
1333 -0.0
1336 -0.0
1339 -0.0
1340 -0.0
1341 0.296152479193
1342 -0.0
1343 -0.0
1344 -0.0
1345 -0.0
1346 -0.0
1347 -0.0
1348 -0.0
1349 -0.0
1350 -0.0
1351 -0.0
1353 -0.0
1354 -0.0
1355 -0.0
1358 -0.0
1359 -0.0
1360 -0.0
1365 -0.0
1366 -0.0
1367 -0.0
1368 -0.0
1369 -0.0
1370 -0.0
1371 -0.0
1373 -0.0
1374 0.624932555641
1375 -0.0
1376 0.942862063659
1377 -0.0
1379 -0.0
1380 -0.0
1382 -0.0
1383 -0.0
1386 -0.0
1388 0.494289058507
1389 -0.0
1390 -0.0
1391 -0.0
1392 -0.0
1393 -0.0
1395 -0.0
1396 0.132184744414
1397 -0.0
1399 -0.0
1400 0.368408311938
1401 0.268068124653
1402 -0.0
1403 -0.0
1404 -0.0
1405 -0.0
1406 -0.0
1407 -0.0
1408 -0.0
1409 -0.0
1410 -0.0
1413 -0.0
1414 2.73093255279
1415 -0.0
1416 -0.0
1417 -0.0
1418 -0.0
1419 -0.0
1421 12.0012468235
1422 -0.0
1423 -0.0
1424 -0.0
1425 6.06515420161
1426 0.225604434721
1428 -0.0
1430 -0.0
1431 -0.0
1432 -0.0
1433 -0.0
1434 -0.0
1435 2.66940625497
1437 -0.0
1438 -0.0
1439 -0.0
1440 -0.0
1441 -0.0
1442 -0.0
1443 -0.0
1444 -0.0
1445 -0.0
1446 -0.0
1448 -0.0
1450 -0.0
1451 -0.0
1452 -0.0
1453 -0.0
1454 -0.0
1455 -0.0
1456 -0.0
1458 -0.0
1459 -0.0
1461 -0.0
1462 -0.0
1463 1.14658928412
1464 -0.0
1465 -0.0
1467 -0.0
1468 -0.0
1469 -0.0
1471 -0.0
1473 -0.0
1474 -0.0
1478 -0.0
1479 -0.0
1480 -0.0
1483 -0.0
1485 -0.0
1487 -0.0
1490 -0.0
1492 -0.0
1493 -0.0
1494 -0.0
1495 -0.0
1498 -0.0
1502 -0.0
1503 -0.0
1504 -0.0
1505 -0.0
1506 -0.0
1507 -0.0
1510 -0.0
1511 -0.0
1512 -0.0
1516 -0.0
1518 -0.0
1520 -0.0
1521 -0.0
1523 -0.0
1524 -0.0
1525 -0.0
1526 -0.0
1527 -0.0
1528 -0.0
1529 -0.0
1532 -0.0
1534 -0.0
1535 -0.0
1536 -0.0
1537 -0.0
1538 0.1339127188
1539 -0.0
1540 -0.0
1542 -0.0
1544 -0.0
1545 -0.0
1546 -0.0
1547 -0.0
1548 -0.0
1549 -0.0
1550 -0.0
1552 -0.0
1553 -0.0
1554 -0.0
1555 -0.0
1556 -0.0
1557 -0.0
1558 -0.0
1560 -0.0
1561 -0.0
1565 -0.0
1566 -0.0
1569 -0.0
1570 -0.0
1571 -0.0
1572 -0.0
1573 -0.0
1574 -0.0
1576 -0.0
1577 -0.0
1578 -0.0
1579 -0.0
1580 -0.0
1581 -0.0
1582 2.0746595926
1583 -0.0
1584 -0.0
1585 -0.0
1586 -0.0
1587 -0.0
1588 -0.0
1589 -0.0
1590 -0.0
1591 -0.0
1593 -0.0
1595 -0.0
1596 -0.0
1598 -0.0
1599 0.135674601722
1600 -0.0
1601 -0.0
1602 -0.0
1603 -0.0
1604 -0.0
1605 0.779255326291
1607 -0.0
1608 -0.0
1609 0.754064101358
1610 -0.0
1611 -0.0
1612 -0.0
1613 -0.0
1614 0.170550650324
1615 -0.0
1619 -0.0
1621 -0.0
1622 0.14239084961
1623 -0.0
1624 -0.0
1625 -0.0
1626 -0.0
1627 -0.0
1628 -0.0
1629 -0.0
1630 0.678966706293
1631 -0.0
1632 -0.0
1633 -0.0
1634 -0.0
1635 -0.0
1636 -0.0
1637 -0.0
1638 -0.0
1639 -0.0
1640 -0.0
1641 -0.0
1642 -0.0
1645 -0.0
1648 -0.0
1649 -0.0
1650 -0.0
1651 -0.0
1653 -0.0
1657 0.0382697888057
1658 -0.0
1660 -0.0
1661 -0.0
1663 -0.0
1664 -0.0
1665 -0.0
1666 -0.0
1667 -0.0
1668 -0.0
1669 0.259259875252
1671 -0.0
1672 0.091399291903
1673 -0.0
1674 -0.0
1676 -0.0
1677 -0.0
1679 -0.0
1680 -0.0
1682 -0.0
1683 -0.0
1684 -0.0
1685 -0.0
1687 -0.0
1688 -0.0
1693 -0.0
1696 -0.0
1697 -0.0
1699 -0.0
1701 -0.0
1702 -0.0
1703 0.00339009734109
1705 -0.0
1706 -0.0
1707 -0.0
1708 -0.0
1709 -0.0
1710 -0.0
1713 -0.0
1714 -0.0
1715 -0.0
1716 -0.0
1717 -0.0
1718 -0.0
1719 0.223911981529
1720 -0.0
1721 0.177461031969
1724 1.03248122732
1726 -0.0
1727 -0.0
1728 1.64296915906
1729 -0.0
1730 -0.0
1731 0.0307657184967
1732 6.86256106388
1733 -0.0
1734 0.0767129686525
1736 0.0110451862574
1737 -0.0
1738 -0.0
1739 -0.0
1741 0.0235813739578
1742 0.13435086299
1743 -0.0
1744 -0.0
1745 -0.0
1747 -0.0
1748 -0.0
1750 -0.0
1751 0.129670668666
1752 -0.0
1753 -0.0
1754 -0.0
1756 -0.0
1757 -0.0
1759 -0.0
1760 -0.0
1761 8.30209932804
1762 0.315110852194
1763 -0.0
1764 -0.0
1765 -0.0
1766 -0.0
1768 -0.0
1771 -0.0
1772 -0.0
1774 0.124947422585
1776 -0.0
1777 -0.0
1779 -0.0
1784 -0.0
1785 -0.0
1786 -0.0
1787 -0.0
1788 -0.0
1789 -0.0
1791 -0.0
1793 -0.0
1794 -0.0
1795 -0.0
1796 -0.0
1797 -0.0
1798 -0.0
1799 -0.0
1800 -0.0
1801 -0.0
1803 -0.0
1804 0.117009713327
1805 -0.0
1806 -0.0
1807 0.418768049026
1808 -0.0
1810 -0.0
1811 -0.0
1812 -0.0
1813 -0.0
1814 -0.0
1815 -0.0
1816 -0.0
1817 -0.0
1820 -0.0
1821 -0.0
1822 -0.0
1823 -0.0
1824 -0.0
1825 -0.0
1827 -0.0
1829 -0.0
1830 -0.0
1831 11.5869164309
1833 -0.0
1834 -0.0
1835 -0.0
1836 0.0586910534314
1837 -0.0
1838 -0.0
1839 -0.0
1840 0.201573049647
1841 -0.0
1842 -0.0
1843 -0.0
1844 -0.0
1845 -0.0
1846 -0.0
1847 -0.0
1848 -0.0
1849 -0.0
1850 -0.0
1851 0.0120325589016
1852 -0.0
1853 -0.0
1854 -0.0
1855 -0.0
1857 -0.0
1858 -0.0
1859 -0.0
1861 -0.0
1862 -0.0
1863 -0.0
1865 -0.0
1868 -0.0
1869 -0.0
1870 -0.0
1871 -0.0
1872 -0.0
1875 -0.0
1876 -0.0
1877 -0.0
1878 -0.0
1880 -0.0
1881 -0.0
1882 -0.0
1883 -0.0
1884 -0.0
1885 -0.0
1886 -0.0
1887 -0.0
1888 -0.0
1889 -0.0
1890 -0.0
1891 -0.0
1892 -0.0
1893 -0.0
1894 -0.0
1895 0.0686786433158
1896 -0.0
1899 -0.0
1902 -0.0
1905 -0.0
1906 -0.0
1907 -0.0
1908 -0.0
1909 -0.0
1910 0.447807943987
1911 -0.0
1912 -0.0
1914 -0.0
1915 -0.0
1916 -0.0
1918 -0.0
1919 -0.0
1920 -0.0
1921 -0.0
1922 10.7293749592
1923 -0.0
1924 -0.0
1925 -0.0
1926 -0.0
1927 -0.0
1928 -0.0
1930 -0.0
1931 -0.0
1932 -0.0
1934 -0.0
1935 -0.0
1938 -0.0
1939 -0.0
1940 -0.0
1941 -0.0
1943 -0.0
1944 -0.0
1945 -0.0
1946 -0.0
1947 -0.0
1949 -0.0
1950 -0.0
1951 -0.0
1952 -0.0
1953 -0.0
1954 -0.0
1955 -0.0
1956 -0.0
1957 -0.0
1959 1.31110600582
1961 -0.0
1962 -0.0
1963 -0.0
1965 0.0820621442171
1966 0.133109558262
1967 -0.0
1968 -0.0
1969 -0.0
1971 -0.0
1974 0.712754702405
1977 -0.0
1979 -0.0
1980 -0.0
1981 -0.0
1982 0.0888234212651
1984 -0.0
1985 -0.0
1986 -0.0
1987 -0.0
1988 -0.0
1989 -0.0
1990 -0.0
1992 -0.0
1993 -0.0
1996 -0.0
1997 -0.0
1999 -0.0
2001 0.107547975305
2002 -0.0
2003 0.736429968127
2005 -0.0
2007 -0.0
2009 -0.0
2010 -0.0
2011 -0.0
2012 -0.0
2015 -0.0
2017 -0.0
2018 -0.0
2019 -0.0
2020 -0.0
2021 -0.0
2022 -0.0
2024 -0.0
2025 0.323910983212
2027 -0.0
2028 -0.0
2030 -0.0
2031 -0.0
2032 -0.0
2033 0.359086471187
2034 -0.0
2036 -0.0
2037 -0.0
2038 -0.0
2040 -0.0
2041 12.0012468235
2043 -0.0
2044 -0.0
2046 -0.0
2047 -0.0
2048 -0.0
2049 0.0724148016078
2050 -0.0
2051 -0.0
2053 -0.0
2054 -0.0
2056 -0.0
2057 -0.0
2059 -0.0
2060 -0.0
2061 -0.0
2063 -0.0
2067 -0.0
2068 -0.0
2070 -0.0
2071 -0.0
2073 -0.0
2074 -0.0
2075 -0.0
2076 -0.0
2077 -0.0
2079 -0.0
2080 2.66324996629
2081 -0.0
2082 -0.0
2083 -0.0
2084 -0.0
2085 -0.0
2086 -0.0
2087 -0.0
2088 -0.0
2089 -0.0
2091 -0.0
2092 -0.0
2093 0.254907399585
2094 0.635102457762
2095 -0.0
2096 -0.0
2097 -0.0
2098 -0.0
2099 -0.0
2100 -0.0
2101 0.857188334593
2102 -0.0
2103 4.07519842709
2104 -0.0
2105 -0.0
2106 -0.0
2108 -0.0
2110 -0.0
2113 -0.0
2116 -0.0
2117 -0.0
2119 -0.0
2121 -0.0
2122 -0.0
2123 0.0868510209249
2125 -0.0
2126 -0.0
2127 -0.0
2128 -0.0
2129 -0.0
2131 -0.0
2133 -0.0
2135 -0.0
2136 -0.0
2137 -0.0
2138 -0.0
2139 -0.0
2140 -0.0
2141 -0.0
2142 -0.0
2143 -0.0
2145 -0.0
2146 -0.0
2147 -0.0
2148 -0.0
2149 -0.0
2150 -0.0
2151 -0.0
2152 -0.0
2153 -0.0
2154 -0.0
2156 -0.0
2157 -0.0
2158 -0.0
2159 -0.0
2161 -0.0
2162 -0.0
2165 -0.0
2167 0.170030240807
2171 -0.0
2174 -0.0
2175 -0.0
2176 -0.0
2178 -0.0
2179 -0.0
2180 -0.0
2181 0.113323695894
2182 -0.0
2183 -0.0
2184 0.0820621442171
2185 -0.0
2186 -0.0
2188 -0.0
2189 -0.0
2190 -0.0
2192 -0.0
2193 -0.0
2194 -0.0
2200 -0.0
2201 6.26015632605
2202 -0.0
2203 -0.0
2204 -0.0
2205 -0.0
2206 -0.0
2207 -0.0
2208 0.230220251715
2209 -0.0
2210 -0.0
2212 2.85417142052
2213 -0.0
2215 -0.0
2216 -0.0
2218 0.115222755625
2219 -0.0
2220 -0.0
2221 -0.0
2223 1.66080006515
2225 -0.0
2226 -0.0
2227 -0.0
2228 -0.0
2229 -0.0
2230 -0.0
2232 -0.0
2233 -0.0
2234 -0.0
2235 -0.0
2236 -0.0
2239 -0.0
2240 -0.0
2241 -0.0
2242 -0.0
2243 1.03248122732
2244 -0.0
2246 -0.0
2247 -0.0
2248 -0.0
2249 -0.0
2250 -0.0
2251 -0.0
2252 -0.0
2253 -0.0
2254 -0.0
2255 -0.0
2256 -0.0
2257 -0.0
2258 -0.0
2259 -0.0
2260 -0.0
2261 -0.0
2262 -0.0
2263 -0.0
2269 -0.0
2274 -0.0
2281 -0.0
2283 -0.0
2286 -0.0
2287 -0.0
2288 -0.0
2289 -0.0
2290 -0.0
2291 -0.0
2293 -0.0
2294 10.7293749592
2296 -0.0
2297 -0.0
2298 -0.0
2300 -0.0
2301 -0.0
2302 -0.0
2303 -0.0
2305 -0.0
2306 -0.0
2308 -0.0
2309 -0.0
2311 -0.0
2312 -0.0
2314 -0.0
2315 -0.0
2317 -0.0
2318 -0.0
2319 -0.0
2320 0.103593505561
2321 -0.0
2323 -0.0
2324 -0.0
2325 -0.0
2326 -0.0
2329 -0.0
2330 -0.0
2331 -0.0
2332 -0.0
2333 -0.0
2334 -0.0
2335 -0.0
2336 -0.0
2337 -0.0
2338 -0.0
2339 -0.0
2340 -0.0
2342 -0.0
2343 -0.0
2344 -0.0
2345 -0.0
2346 -0.0
2347 -0.0
2351 -0.0
2352 -0.0
2355 -0.0
2358 -0.0
2359 -0.0
2360 -0.0
2361 -0.0
2362 8.6794468314
2363 -0.0
2364 -0.0
2366 -0.0
2368 -0.0
2369 0.300332731323
2370 -0.0
2371 -0.0
2372 -0.0
2373 -0.0
2374 -0.0
2375 -0.0
2376 -0.0
2379 -0.0
2381 -0.0
2382 -0.0
2383 -0.0
2384 8.06556139462
2386 -0.0
2387 -0.0
2389 -0.0
2393 -0.0
2394 -0.0
2396 -0.0
2397 -0.0
2399 1.70142854246
2400 -0.0
2402 -0.0
2404 -0.0
2406 -0.0
2407 -0.0
2408 -0.0
2412 -0.0
2413 -0.0
2414 -0.0
2415 -0.0
2416 -0.0
2418 -0.0
2419 -0.0
2420 -0.0
2421 -0.0
2422 -0.0
2423 -0.0
2424 -0.0
2426 -0.0
2427 -0.0
2428 -0.0
2429 -0.0
2430 -0.0
2431 -0.0
2432 0.0820621442171
2433 -0.0
2434 1.94983415647
2437 -0.0
2440 -0.0
2441 -0.0
2442 -0.0
2443 0.0478220073202
2444 -0.0
2445 -0.0
2447 -0.0
2448 -0.0
2451 -0.0
2452 -0.0
2454 -0.0
2455 -0.0
2458 -0.0
2459 -0.0
2461 -0.0
2462 -0.0
2464 -0.0
2467 -0.0
2468 -0.0
2469 -0.0
2471 0.466783680646
2472 -0.0
2473 0.129497248372
2474 -0.0
2475 -0.0
2478 -0.0
2482 -0.0
2487 -0.0
2488 -0.0
2489 -0.0
2490 -0.0
2491 12.0012468235
2492 -0.0
2493 0.00120057125876
2494 -0.0
2496 -0.0
2497 -0.0
2498 -0.0
2500 -0.0
2501 -0.0
2503 -0.0
2504 -0.0
2505 -0.0
2507 -0.0
2508 -0.0
2509 -0.0
2512 -0.0
2513 -0.0
2514 -0.0
2517 -0.0
2519 -0.0
2520 -0.0
2521 -0.0
2522 -0.0
2524 -0.0
2525 -0.0
2526 0.101507765806
2527 -0.0
2528 -0.0
2529 -0.0
2532 -0.0
2533 -0.0
2534 -0.0
2536 -0.0
2541 -0.0
2542 -0.0
2543 -0.0
2545 -0.0
2546 -0.0
2547 -0.0
2548 -0.0
2550 -0.0
2551 -0.0
2552 -0.0
2555 -0.0
2556 -0.0
2557 -0.0
2558 -0.0
2559 -0.0
2560 -0.0
2562 -0.0
2563 -0.0
2566 -0.0
2567 -0.0
2568 -0.0
2570 -0.0
2571 -0.0
2572 -0.0
2573 -0.0
2574 1.59543737457
2576 2.95616359767
2578 -0.0
2580 -0.0
2581 -0.0
2582 -0.0
2583 -0.0
2584 -0.0
2585 -0.0
2586 -0.0
2587 -0.0
2588 -0.0
2589 -0.0
2590 -0.0
2591 -0.0
2592 -0.0
2593 -0.0
2594 -0.0
2595 0.361627768726
2596 -0.0
2598 -0.0
2599 -0.0
2600 -0.0
2601 -0.0
2602 -0.0
2603 -0.0
2604 -0.0
2605 -0.0
2606 -0.0
2607 -0.0
2609 -0.0
2610 -0.0
2611 -0.0
2612 -0.0
2614 -0.0
2615 -0.0
2616 -0.0
2618 -0.0
2620 -0.0
2621 -0.0
2628 -0.0
2629 -0.0
2630 0.0862616260817
2632 -0.0
2633 -0.0
2634 -0.0
2635 -0.0
2636 -0.0
2637 -0.0
2638 -0.0
2639 0.0862616260817
2640 -0.0
2641 -0.0
2642 -0.0
2643 -0.0
2645 -0.0
2648 -0.0
2649 -0.0
2650 -0.0
2651 6.63422439028
2652 -0.0
2653 -0.0
2654 -0.0
2655 -0.0
2656 -0.0
2657 -0.0
2658 9.9759410371
2659 -0.0
2662 -0.0
2663 -0.0
2664 -0.0
2665 -0.0
2666 -0.0
2667 -0.0
2668 -0.0
2670 -0.0
2671 -0.0
2672 -0.0
2673 -0.0
2674 -0.0
2676 -0.0
2678 -0.0
2679 -0.0
2681 -0.0
2682 -0.0
2683 -0.0
2684 -0.0
2685 1.05600228102
2687 -0.0
2688 -0.0
2689 -0.0
2690 -0.0
2691 -0.0
2692 -0.0
2694 -0.0
2696 0.177461031969
2697 -0.0
2698 -0.0
2699 -0.0
2700 -0.0
2701 -0.0
2702 -0.0
2703 0.0482003056069
2704 0.0114395271063
2705 -0.0
2706 -0.0
2707 -0.0
2708 -0.0
2709 -0.0
2710 -0.0
2711 8.14596640398
2712 -0.0
2713 4.07519842709
2715 -0.0
2716 -0.0
2717 -0.0
2718 -0.0
2719 -0.0
2721 -0.0
2724 -0.0
2725 -0.0
2726 -0.0
2727 -0.0
2728 -0.0
2729 -0.0
2730 6.01694512047
2731 -0.0
2733 -0.0
2734 -0.0
2735 -0.0
2736 -0.0
2737 -0.0
2738 -0.0
2739 -0.0
2740 -0.0
2741 -0.0
2742 -0.0
2743 -0.0
2744 -0.0
2745 -0.0
2746 -0.0
2748 -0.0
2749 -0.0
2751 -0.0
2753 -0.0
2754 -0.0
2755 -0.0
2757 -0.0
2758 -0.0
2759 -0.0
2762 0.357712795156
2763 -0.0
2764 0.521483140898
2765 -0.0
2766 -0.0
2767 -0.0
2770 -0.0
2771 -0.0
2773 -0.0
2774 -0.0
2775 -0.0
2776 -0.0
2777 -0.0
2778 -0.0
2781 -0.0
2784 -0.0
2785 -0.0
2786 -0.0
2787 -0.0
2788 -0.0
2792 -0.0
2793 -0.0
2794 -0.0
2795 -0.0
2796 -0.0
2797 -0.0
2798 -0.0
2799 -0.0
2800 -0.0
2802 -0.0
2804 -0.0
2805 3.50400758522
2806 -0.0
2807 0.128613197186
2808 -0.0
2811 -0.0
2812 -0.0
2813 -0.0
2814 0.941787758741
2815 -0.0
2816 9.68685291376
2818 -0.0
2819 -0.0
2820 -0.0
2823 -0.0
2824 -0.0
2825 -0.0
2826 0.0568006870061
2828 -0.0
2829 -0.0
2830 -0.0
2831 0.165087925066
2833 -0.0
2835 -0.0
2836 -0.0
2838 -0.0
2839 -0.0
2840 -0.0
2841 -0.0
2842 0.0382697888057
2843 -0.0
2844 -0.0
2845 -0.0
2846 -0.0
2847 -0.0
2848 1.98060784356
2849 2.14121853538
2850 -0.0
2852 -0.0
2853 -0.0
2854 2.19720630446
2855 -0.0
2856 -0.0
2858 -0.0
2860 0.429093199093
2861 -0.0
2863 0.459126683612
2864 -0.0
2865 -0.0
2866 -0.0
2867 -0.0
2868 -0.0
2869 -0.0
2870 -0.0
2871 0.295511277166
2872 -0.0
2873 -0.0
2875 -0.0
2876 -0.0
2877 -0.0
2878 -0.0
2883 -0.0
2884 -0.0
2885 -0.0
2886 -0.0
2887 -0.0
2888 0.459126683612
2889 0.547621915331
2890 -0.0
2892 -0.0
2894 0.18031474434
2895 -0.0
2896 -0.0
2898 -0.0
2899 -0.0
2900 -0.0
2901 0.0425946804936
2902 -0.0
2903 -0.0
2904 -0.0
2905 -0.0
2906 -0.0
2907 -0.0
2908 -0.0
2909 -0.0
2910 -0.0
2914 -0.0
2915 -0.0
2916 -0.0
2917 -0.0
2918 -0.0
2919 -0.0
2920 -0.0
2921 -0.0
2922 -0.0
2924 -0.0
2926 -0.0
2927 -0.0
2928 -0.0
2930 -0.0
2932 0.461358036049
2934 -0.0
2936 -0.0
2937 -0.0
2938 -0.0
2943 -0.0
2944 0.00975951650358
2946 -0.0
2949 -0.0
2950 0.811514469439
2951 -0.0
2952 -0.0
2953 -0.0
2954 -0.0
2959 -0.0
2961 -0.0
2963 -0.0
2964 -0.0
2965 -0.0
2967 0.059635494921
2969 -0.0
2972 0.00132479268549
2973 -0.0
2975 -0.0
2976 -0.0
2977 -0.0
2978 -0.0
2979 -0.0
2980 -0.0
2981 -0.0
2982 -0.0
2983 1.03577172879
2984 -0.0
2985 -0.0
2986 -0.0
2987 -0.0
2988 -0.0
2989 -0.0
2990 -0.0
2991 -0.0
2992 -0.0
2993 -0.0
2994 -0.0
2995 -0.0
2997 0.182220907032
2998 0.0820621442171
2999 -0.0
3000 -0.0
3001 -0.0
3002 -0.0
3003 -0.0
3004 -0.0
3006 11.7459742603
3007 -0.0
3008 -0.0
3009 -0.0
3010 -0.0
3011 -0.0
3012 -0.0
3013 -0.0
3014 -0.0
3016 -0.0
3017 -0.0
3018 -0.0
3019 -0.0
3020 -0.0
3021 -0.0
3022 -0.0
3025 -0.0
3026 0.117675180967
3027 -0.0
3028 -0.0
3031 -0.0
3033 2.63917814023
3034 -0.0
3035 -0.0
3036 -0.0
3037 0.00975951650358
3038 -0.0
3040 -0.0
3042 -0.0
3043 -0.0
3044 -0.0
3047 -0.0
3048 -0.0
3049 0.170550650324
3050 -0.0
3052 -0.0
3054 -0.0
3056 -0.0
3058 0.296152479193
3060 10.6385987629
3061 -0.0
3062 -0.0
3063 -0.0
3064 -0.0
3065 -0.0
3066 -0.0
3069 -0.0
3071 -0.0
3073 0.13634214845
3076 0.296152479193
3077 -0.0
3078 -0.0
3079 -0.0
3080 -0.0
3081 -0.0
3082 -0.0
3083 -0.0
3084 -0.0
3085 -0.0
3086 -0.0
3087 -0.0
3088 0.114043616418
3089 -0.0
3090 -0.0
3091 -0.0
3092 -0.0
3093 -0.0
3094 -0.0
3095 -0.0
3096 -0.0
3097 -0.0
3098 -0.0
3099 -0.0
3100 -0.0
3101 -0.0
3102 -0.0
3103 -0.0
3104 -0.0
3107 -0.0
3108 -0.0
3109 -0.0
3110 -0.0
3113 -0.0
3116 -0.0
3117 -0.0
3118 -0.0
3119 -0.0
3120 -0.0
3121 -0.0
3122 -0.0
3123 0.382078442692
3124 -0.0
3125 0.00940583912807
3126 -0.0
3128 -0.0
3129 0.0382697888057
3130 -0.0
3131 -0.0
3132 -0.0
3135 -0.0
3136 -0.0
3138 -0.0
3140 -0.0
3141 -0.0
3142 -0.0
3144 -0.0
3145 -0.0
3146 -0.0
3147 0.00175827789449
3148 -0.0
3149 -0.0
3150 -0.0
3151 -0.0
3155 -0.0
3157 -0.0
3158 -0.0
3159 -0.0
3160 -0.0
3162 -0.0
3164 -0.0
3165 -0.0
3166 -0.0
3167 -0.0
3168 0.0303778001695
3169 2.14402601223
3170 -0.0
3171 -0.0
3172 -0.0
3173 -0.0
3174 -0.0
3177 -0.0
3178 -0.0
3179 -0.0
3180 0.248336823083
3181 -0.0
3182 -0.0
3183 -0.0
3184 -0.0
3185 -0.0
3186 0.0820621442171
3187 -0.0
3188 -0.0
3189 0.207391917655
3190 -0.0
3191 -0.0
3193 -0.0
3195 -0.0
3196 -0.0
3198 -0.0
3200 -0.0
3202 -0.0
3203 -0.0
3204 0.133589953132
3205 -0.0
3206 -0.0
3207 0.184528646934
3208 -0.0
3209 -0.0
3211 -0.0
3213 -0.0
3214 -0.0
3217 -0.0
3218 -0.0
3219 -0.0
3223 -0.0
3225 -0.0
3226 -0.0
3228 -0.0
3229 -0.0
3230 -0.0
3231 -0.0
3237 -0.0
3238 -0.0
3239 1.12189236038
3240 -0.0
3242 -0.0
3243 -0.0
3244 -0.0
3245 -0.0
3248 -0.0
3250 1.5338377543
3252 -0.0
3253 -0.0
3254 -0.0
3255 -0.0
3257 -0.0
3258 -0.0
3259 -0.0
3261 -0.0
3263 -0.0
3264 -0.0
3265 -0.0
3266 -0.0
3267 -0.0
3269 -0.0
3270 -0.0
3272 -0.0
3273 -0.0
3274 0.382078442692
3276 -0.0
3278 -0.0
3279 -0.0
3282 -0.0
3283 -0.0
3284 -0.0
3285 -0.0
3286 -0.0
3288 -0.0
3290 -0.0
3291 -0.0
3292 0.138121097901
3293 -0.0
3295 -0.0
3296 -0.0
3298 -0.0
3299 -0.0
3300 -0.0
3301 -0.0
3302 -0.0
3304 -0.0
3305 -0.0
3307 -0.0
3309 -0.0
3311 -0.0
3314 -0.0
3316 -0.0
3317 -0.0
3318 0.0852157898663
3319 -0.0
3320 0.632204042935
3323 -0.0
3324 -0.0
3325 -0.0
3326 -0.0
3328 -0.0
3331 -0.0
3332 0.216568114881
3333 -0.0
3334 -0.0
3335 -0.0
3336 -0.0
3337 -0.0
3338 -0.0
3339 -0.0
3340 -0.0
3341 -0.0
3342 -0.0
3343 -0.0
3345 -0.0
3346 -0.0
3347 -0.0
3348 -0.0
3349 -0.0
3352 -0.0
3353 -0.0
3354 -0.0
3355 -0.0
3356 -0.0
3357 -0.0
3358 -0.0
3360 -0.0
3363 -0.0
3364 -0.0
3366 -0.0
3367 -0.0
3368 -0.0
3369 -0.0
3370 -0.0
3371 -0.0
3372 -0.0
3373 -0.0
3374 -0.0
3376 -0.0
3377 -0.0
3379 -0.0
3380 -0.0
3381 -0.0
3382 -0.0
3383 -0.0
3384 -0.0
3386 -0.0
3387 -0.0
3388 -0.0
3389 -0.0
3390 -0.0
3391 -0.0
3392 -0.0
3393 0.167682218918
3394 -0.0
3395 -0.0
3396 -0.0
3397 -0.0
3398 0.135674601722
3399 -0.0
3400 -0.0
3401 -0.0
3403 0.258131028723
3404 -0.0
3405 -0.0
3406 -0.0
3407 -0.0
3409 -0.0
3410 0.61353082076
3412 -0.0
3413 -0.0
3414 -0.0
3415 -0.0
3417 -0.0
3418 -0.0
3419 -0.0
3421 -0.0
3422 -0.0
3425 -0.0
3426 -0.0
3427 -0.0
3428 -0.0
3430 -0.0
3432 -0.0
3434 -0.0
3435 -0.0
3436 -0.0
3437 -0.0
3438 -0.0
3439 1.68733423119
3440 -0.0
3444 -0.0
3445 -0.0
3446 -0.0
3447 -0.0
3448 -0.0
3449 -0.0
3450 -0.0
3452 -0.0
3453 -0.0
3454 -0.0
3455 -0.0
3456 -0.0
3457 -0.0
3459 -0.0
3460 -0.0
3461 -0.0
3462 -0.0
3467 -0.0
3468 -0.0
3469 -0.0
3471 -0.0
3472 -0.0
3473 0.0862616260817
3475 -0.0
3476 -0.0
3477 -0.0
3479 -0.0
3480 -0.0
3481 -0.0
3482 -0.0
3484 0.917914730822
3486 -0.0
3487 0.393462789835
3489 -0.0
3490 0.1048826724
3492 -0.0
3493 -0.0
3495 -0.0
3496 -0.0
3497 -0.0
3498 -0.0
3500 -0.0
3501 -0.0
3504 -0.0
3505 -0.0
3506 -0.0
3507 -0.0
3509 0.276474797156
3512 -0.0
3513 10.7293749592
3514 -0.0
3515 -0.0
3516 -0.0
3517 -0.0
3518 -0.0
3519 -0.0
3520 -0.0
3521 -0.0
3522 -0.0
3523 -0.0
3524 -0.0
3525 -0.0
3526 -0.0
3527 0.0820621442171
3528 -0.0
3529 -0.0
3530 -0.0
3532 -0.0
3533 -0.0
3535 -0.0
3537 -0.0
3538 0.548555302964
3540 -0.0
3541 -0.0
3542 -0.0
3544 2.47524996502
3546 -0.0
3547 -0.0
3548 -0.0
3549 -0.0
3550 0.740502880663
3551 -0.0
3552 2.48913407898
3553 -0.0
3554 -0.0
3555 -0.0
3556 -0.0
3557 -0.0
3558 -0.0
3559 -0.0
3561 -0.0
3563 -0.0
3565 -0.0
3567 -0.0
3568 -0.0
3570 -0.0
3571 -0.0
3572 -0.0
3577 -0.0
3578 0.68839340033
3580 0.441882928473
3583 -0.0
3584 -0.0
3585 0.0297889666597
3586 -0.0
3587 -0.0
3588 -0.0
3590 -0.0
3592 -0.0
3594 -0.0
3595 -0.0
3598 -0.0
3600 -0.0
3601 -0.0
3602 -0.0
3603 -0.0
3604 -0.0
3606 -0.0
3607 -0.0
3609 -0.0
3610 -0.0
3611 -0.0
3612 -0.0
3613 -0.0
3614 -0.0
3615 0.36084962133
3616 -0.0
3617 -0.0
3618 -0.0
3619 -0.0
3620 -0.0
3624 -0.0
3625 6.9848620597
3627 -0.0
3630 -0.0
3631 -0.0
3632 -0.0
3633 -0.0
3634 -0.0
3636 -0.0
3640 -0.0
3641 -0.0
3642 -0.0
3643 -0.0
3644 -0.0
3645 -0.0
3646 -0.0
3647 -0.0
3648 -0.0
3649 -0.0
3650 -0.0
3651 0.128632235331
3656 -0.0
3657 0.184528646934
3662 -0.0
3664 -0.0
3666 -0.0
3669 -0.0
3670 -0.0
3671 -0.0
3673 0.459126683612
3674 -0.0
3675 -0.0
3676 -0.0
3678 -0.0
3680 -0.0
3681 -0.0
3682 -0.0
3683 -0.0
3686 -0.0
3687 -0.0
3688 -0.0
3689 -0.0
3691 -0.0
3692 -0.0
3693 -0.0
3694 -0.0
3696 -0.0
3697 -0.0
3698 -0.0
3699 -0.0
3700 -0.0
3701 -0.0
3702 -0.0
3706 -0.0
3707 -0.0
3708 -0.0
3711 0.744047150834
3713 -0.0
3714 -0.0
3716 -0.0
3719 -0.0
3725 -0.0
3726 -0.0
3728 -0.0
3729 -0.0
3730 -0.0
3731 -0.0
3732 -0.0
3736 -0.0
3737 -0.0
3738 -0.0
3739 2.90693009571
3740 0.0966784872007
3741 -0.0
3742 -0.0
3743 -0.0
3745 0.00205275933549
3746 -0.0
3747 -0.0
3749 -0.0
3750 -0.0
3754 -0.0
3755 0.78353085749
3757 -0.0
3759 -0.0
3760 -0.0
3762 -0.0
3763 -0.0
3773 -0.0
3774 -0.0
3775 10.7293749592
3776 -0.0
3777 -0.0
3778 -0.0
3780 -0.0
3781 -0.0
3784 -0.0
3785 -0.0
3786 -0.0
3787 -0.0
3789 -0.0
3791 -0.0
3792 0.656532322531
3795 -0.0
3796 -0.0
3799 -0.0
3800 -0.0
3801 -0.0
3804 -0.0
3805 -0.0
3806 -0.0
3807 -0.0
3809 -0.0
3810 -0.0
3811 -0.0
3814 -0.0
3815 -0.0
3816 -0.0
3817 -0.0
3818 0.0569228149963
3819 10.6767357274
3821 -0.0
3823 0.0271638684798
3824 -0.0
3825 -0.0
3826 -0.0
3827 -0.0
3828 -0.0
3831 -0.0
3832 -0.0
3833 -0.0
3834 -0.0
3835 0.882820877381
3836 -0.0
3837 -0.0
3838 -0.0
3839 0.678966706293
3843 -0.0
3844 -0.0
3845 -0.0
3846 12.0012468235
3848 -0.0
3849 -0.0
3851 -0.0
3852 -0.0
3853 -0.0
3854 -0.0
3855 -0.0
3856 -0.0
3857 -0.0
3858 -0.0
3859 -0.0
3860 -0.0
3861 -0.0
3862 -0.0
3863 0.0382697888057
3864 0.0382697888057
3866 -0.0
3867 -0.0
3868 -0.0
3869 -0.0
3870 -0.0
3872 -0.0
3873 -0.0
3874 -0.0
3875 -0.0
3876 -0.0
3877 -0.0
3878 -0.0
3879 -0.0
3880 -0.0
3881 -0.0
3882 -0.0
3883 -0.0
3884 -0.0
3885 -0.0
3887 0.99051765936
3888 -0.0
3889 -0.0
3890 -0.0
3891 -0.0
3892 -0.0
3893 -0.0
3895 0.00486409226809
3896 -0.0
3898 -0.0
3899 -0.0
3900 -0.0
3901 -0.0
3903 -0.0
3904 -0.0
3907 -0.0
3908 -0.0
3909 -0.0
3910 -0.0
3911 -0.0
3912 -0.0
3913 -0.0
3914 -0.0
3915 -0.0
3916 -0.0
3917 -0.0
3921 -0.0
3925 0.209169600325
3928 -0.0
3929 -0.0
3930 -0.0
3931 -0.0
3932 -0.0
3933 -0.0
3937 -0.0
3939 -0.0
3940 -0.0
3941 -0.0
3942 -0.0
3943 -0.0
3946 -0.0
3948 -0.0
3949 -0.0
3950 -0.0
3951 -0.0
3952 -0.0
3954 -0.0
3955 -0.0
3956 -0.0
3957 -0.0
3960 -0.0
3961 -0.0
3962 -0.0
3963 -0.0
3964 -0.0
3965 -0.0
3966 -0.0
3967 -0.0
3968 -0.0
3969 -0.0
3970 -0.0
3971 -0.0
3974 -0.0
3976 -0.0
3977 -0.0
3980 -0.0
3981 -0.0
3982 -0.0
3983 -0.0
3984 -0.0
3987 -0.0
3988 0.388972970492
3989 0.1339127188
3990 -0.0
3991 -0.0
3992 -0.0
3996 -0.0
3997 -0.0
3998 -0.0
3999 -0.0
4001 -0.0
4002 -0.0
4004 -0.0
4005 0.248336823083
4007 -0.0
4008 -0.0
4010 0.659461500817
4011 -0.0
4013 -0.0
4014 -0.0
4015 -0.0
4016 0.527230682889
4017 -0.0
4018 -0.0
4019 -0.0
4020 -0.0
4021 -0.0
4022 -0.0
4023 -0.0
4027 -0.0
4028 -0.0
4029 -0.0
4032 -0.0
4033 -0.0
4034 1.03789094011
4035 0.0382697888057
4036 -0.0
4038 -0.0
4039 -0.0
4040 -0.0
4041 -0.0
4043 0.165087925066
4045 -0.0
4046 -0.0
4048 -0.0
4049 -0.0
4051 3.75038443102
4052 -0.0
4053 -0.0
4054 -0.0
4055 -0.0
4057 2.81749547332
4058 -0.0
4059 -0.0
4060 -0.0
4061 -0.0
4062 -0.0
4063 -0.0
4064 -0.0
4065 -0.0
4066 -0.0
4067 -0.0
4068 -0.0
4069 -0.0
4070 1.27446698932
4071 -0.0
4072 -0.0
4073 -0.0
4075 -0.0
4076 -0.0
4078 -0.0
4079 -0.0
4080 -0.0
4081 -0.0
4083 -0.0
4085 -0.0
4086 -0.0
4087 -0.0
4089 -0.0
4090 -0.0
4091 -0.0
4094 -0.0
4097 -0.0
4098 -0.0
4099 0.00339009734109
4100 -0.0
4101 -0.0
4102 -0.0
4103 -0.0
4104 -0.0
4105 -0.0
4107 -0.0
4108 -0.0
4109 -0.0
4111 -0.0
4112 -0.0
4114 -0.0
4115 -0.0
4117 -0.0
4118 -0.0
4119 -0.0
4121 -0.0
4122 -0.0
4123 -0.0
4124 -0.0
4125 -0.0
4126 -0.0
4129 -0.0
4135 -0.0
4136 -0.0
4137 -0.0
4138 -0.0
4139 -0.0
4143 -0.0
4144 -0.0
4145 -0.0
4147 -0.0
4148 -0.0
4149 -0.0
4151 -0.0
4153 -0.0
4154 -0.0
4155 -0.0
4157 -0.0
4158 -0.0
4159 -0.0
4160 -0.0
4161 -0.0
4162 -0.0
4163 -0.0
4164 -0.0
4165 -0.0
4166 -0.0
4167 -0.0
4168 -0.0
4169 -0.0
4170 -0.0
4171 -0.0
4174 -0.0
4175 -0.0
4176 -0.0
4178 -0.0
4179 -0.0
4180 -0.0
4181 -0.0
4186 -0.0
4188 -0.0
4189 -0.0
4190 -0.0
4191 -0.0
4192 -0.0
4193 11.7459742603
4195 -0.0
4198 -0.0
4199 -0.0
4200 -0.0
4201 -0.0
4202 -0.0
4204 -0.0
4207 -0.0
4208 -0.0
4209 -0.0
4210 -0.0
4211 -0.0
4212 -0.0
4213 -0.0
4214 -0.0
4215 2.86489821167
4217 0.170548399188
4218 0.0271004420046
4219 -0.0
4220 -0.0
4221 0.00175827789449
4223 -0.0
4224 -0.0
4225 -0.0
4226 -0.0
4228 -0.0
4229 -0.0
4230 -0.0
4232 0.157348019429
4233 -0.0
4235 -0.0
4237 -0.0
4239 -0.0
4240 -0.0
4242 -0.0
4244 -0.0
4245 -0.0
4246 -0.0
4247 -0.0
4248 -0.0
4249 -0.0
4250 -0.0
4251 -0.0
4252 2.08575064157
4253 0.00205275933549
4255 -0.0
4256 -0.0
4257 -0.0
4258 -0.0
4259 0.137535034092
4260 -0.0
4261 1.17974847798
4262 -0.0
4263 -0.0
4264 -0.0
4265 -0.0
4266 -0.0
4267 -0.0
4268 3.43194572633
4269 -0.0
4272 -0.0
4273 -0.0
4274 -0.0
4276 -0.0
4278 -0.0
4279 -0.0
4280 -0.0
4281 -0.0
4282 -0.0
4283 -0.0
4284 -0.0
4286 -0.0
4287 -0.0
4288 -0.0
4290 -0.0
4293 -0.0
4296 -0.0
4297 -0.0
4298 -0.0
4303 -0.0
4304 -0.0
4305 -0.0
4306 -0.0
4308 -0.0
4309 -0.0
4310 -0.0
4311 -0.0
4312 -0.0
4313 -0.0
4315 -0.0
4316 -0.0
4317 -0.0
4318 -0.0
4319 12.0012468235
4322 -0.0
4323 -0.0
4327 -0.0
4331 1.41502583997
4332 -0.0
4334 -0.0
4335 -0.0
4336 -0.0
4337 -0.0
4339 -0.0
4340 -0.0
4341 -0.0
4342 -0.0
4343 -0.0
4344 -0.0
4345 -0.0
4346 -0.0
4347 -0.0
4351 -0.0
4352 0.189991477054
4353 -0.0
4354 -0.0
4355 -0.0
4356 0.678786329742
4357 -0.0
4358 -0.0
4359 -0.0
4360 -0.0
4363 -0.0
4364 -0.0
4365 -0.0
4368 -0.0
4369 0.117675180967
4370 -0.0
4371 -0.0
4373 -0.0
4374 -0.0
4375 -0.0
4377 -0.0
4378 -0.0
4379 -0.0
4380 -0.0
4381 0.380781097082
4382 -0.0
4383 -0.0
4384 -0.0
4385 1.8362034568
4386 -0.0
4388 -0.0
4389 1.05978623216
4391 -0.0
4392 -0.0
4396 -0.0
4397 -0.0
4398 -0.0
4399 -0.0
4400 -0.0
4403 -0.0
4404 -0.0
4405 -0.0
4407 -0.0
4408 0.226359367911
4409 -0.0
4410 0.14692259158
4411 -0.0
4412 -0.0
4413 6.95841705658
4414 -0.0
4416 -0.0
4417 -0.0
4418 -0.0
4419 0.182220907032
4420 -0.0
4421 -0.0
4422 -0.0
4423 -0.0
4424 -0.0
4425 -0.0
4426 -0.0
4428 -0.0
4429 -0.0
4430 -0.0
4431 -0.0
4432 -0.0
4433 0.728661723442
4435 -0.0
4436 -0.0
4437 -0.0
4438 -0.0
4439 -0.0
4442 0.0261218350722
4443 -0.0
4444 -0.0
4445 -0.0
4446 -0.0
4448 -0.0
4449 0.368958647117
4450 -0.0
4452 -0.0
4453 -0.0
4454 -0.0
4455 -0.0
4456 -0.0
4457 -0.0
4458 -0.0
4459 -0.0
4460 -0.0
4461 -0.0
4462 -0.0
4464 -0.0
4465 -0.0
4466 -0.0
4467 -0.0
4468 -0.0
4469 -0.0
4470 -0.0
4472 -0.0
4473 -0.0
4475 -0.0
4476 -0.0
4478 -0.0
4480 -0.0
4481 -0.0
4482 -0.0
4484 -0.0
4485 -0.0
4486 -0.0
4487 -0.0
4488 -0.0
4491 -0.0
4492 -0.0
4493 -0.0
4494 -0.0
4495 -0.0
4497 -0.0
4499 -0.0
4502 -0.0
4504 -0.0
4505 0.0977553751378
4508 -0.0
4509 -0.0
4510 -0.0
4512 -0.0
4515 -0.0
4516 -0.0
4517 -0.0
4518 -0.0
4519 -0.0
4521 -0.0
4522 -0.0
4524 -0.0
4525 -0.0
4526 2.41002103734
4527 -0.0
4528 -0.0
4529 -0.0
4532 -0.0
4533 -0.0
4535 -0.0
4537 -0.0
4538 -0.0
4539 -0.0
4540 -0.0
4543 0.162500323457
4545 -0.0
4547 -0.0
4548 -0.0
4549 12.0012468235
4550 -0.0
4552 -0.0
4553 -0.0
4554 -0.0
4555 -0.0
4556 -0.0
4557 -0.0
4559 -0.0
4560 -0.0
4561 -0.0
4562 -0.0
4563 -0.0
4564 0.506019994044
4565 -0.0
4566 -0.0
4567 -0.0
4569 -0.0
4570 -0.0
4571 -0.0
4572 -0.0
4575 -0.0
4576 -0.0
4577 -0.0
4579 -0.0
4580 -0.0
4581 -0.0
4582 0.280336074723
4585 -0.0
4586 -0.0
4587 -0.0
4588 -0.0
4589 -0.0
4590 -0.0
4591 -0.0
4592 -0.0
4593 -0.0
4597 -0.0
4598 -0.0
4599 -0.0
4600 -0.0
4601 -0.0
4602 -0.0
4603 -0.0
4605 -0.0
4606 -0.0
4607 -0.0
4608 0.201596952262
4609 -0.0
4610 -0.0
4612 -0.0
4613 -0.0
4614 -0.0
4617 -0.0
4618 -0.0
4619 -0.0
4620 -0.0
4621 0.192507591705
4622 -0.0
4625 -0.0
4626 -0.0
4630 -0.0
4631 -0.0
4632 -0.0
4633 -0.0
4634 -0.0
4635 -0.0
4636 -0.0
4637 0.519358473065
4638 -0.0
4641 -0.0
4642 -0.0
4643 -0.0
4644 -0.0
4645 -0.0
4647 -0.0
4648 -0.0
4650 -0.0
4652 -0.0
4654 0.540709462772
4655 -0.0
4656 -0.0
4659 -0.0
4662 -0.0
4663 1.01992769248
4665 -0.0
4666 -0.0
4667 -0.0
4670 -0.0
4671 -0.0
4672 -0.0
4673 -0.0
4674 -0.0
4675 0.204568753782
4676 0.11150447943
4677 -0.0
4678 -0.0
4679 1.45353791056
4680 -0.0
4681 -0.0
4684 -0.0
4685 -0.0
4686 -0.0
4687 -0.0
4688 -0.0
4689 -0.0
4690 -0.0
4692 -0.0
4693 12.0012468235
4694 -0.0
4695 -0.0
4696 -0.0
4697 -0.0
4699 -0.0
4700 -0.0
4701 0.43472563966
4704 -0.0
4705 -0.0
4706 -0.0
4707 -0.0
4708 -0.0
4709 -0.0
4710 0.267359566638
4711 -0.0
4714 -0.0
4715 -0.0
4717 -0.0
4718 -0.0
4719 -0.0
4720 4.60138978433
4721 -0.0
4722 -0.0
4723 0.548555302964
4724 -0.0
4725 0.125368379442
4726 -0.0
4727 -0.0
4729 -0.0
4730 -0.0
4731 -0.0
4733 -0.0
4735 -0.0
4736 -0.0
4737 10.7293749592
4738 1.02912345883
4743 -0.0
4744 -0.0
4748 -0.0
4750 -0.0
4751 -0.0
4752 -0.0
4753 -0.0
4756 -0.0
4757 -0.0
4759 -0.0
4760 -0.0
4763 -0.0
4765 -0.0
4766 -0.0
4767 -0.0
4770 -0.0
4771 -0.0
4772 0.109322057722
4773 -0.0
4774 -0.0
4777 -0.0
4778 -0.0
4779 0.14692259158
4780 -0.0
4782 -0.0
4784 -0.0
4785 -0.0
4787 -0.0
4788 -0.0
4791 -0.0
4792 -0.0
4794 -0.0
4798 -0.0
4802 -0.0
4803 -0.0
4804 -0.0
4805 -0.0
4810 -0.0
4814 0.888084854526
4815 -0.0
4816 0.506019994044
4817 -0.0
4818 -0.0
4819 -0.0
4820 -0.0
4822 -0.0
4824 -0.0
4825 -0.0
4827 -0.0
4829 -0.0
4830 -0.0
4831 -0.0
4832 -0.0
4833 -0.0
4834 -0.0
4835 -0.0
4836 0.831117008201
4837 -0.0
4838 -0.0
4839 -0.0
4841 -0.0
4843 -0.0
4844 -0.0
4845 -0.0
4846 0.0121550944908
4847 -0.0
4850 -0.0
4852 -0.0
4853 -0.0
4854 -0.0
4856 -0.0
4858 -0.0
4860 -0.0
4861 -0.0
4862 -0.0
4863 -0.0
4864 -0.0
4866 -0.0
4867 -0.0
4870 -0.0
4872 -0.0
4874 -0.0
4876 -0.0
4877 -0.0
4878 -0.0
4880 -0.0
4881 -0.0
4882 0.527230682889
4883 -0.0
4884 -0.0
4885 -0.0
4887 -0.0
4890 -0.0
4892 1.14658928412
4893 0.411709240656
4895 -0.0
4896 -0.0
4897 -0.0
4898 -0.0
4899 -0.0
4900 -0.0
4901 -0.0
4902 -0.0
4903 0.159270024176
4904 -0.0
4905 -0.0
4906 -0.0
4907 -0.0
4909 -0.0
4910 -0.0
4912 -0.0
4913 -0.0
4914 -0.0
4916 -0.0
4917 -0.0
4918 -0.0
4919 -0.0
4920 0.189991477054
4921 -0.0
4922 -0.0
4923 -0.0
4924 -0.0
4926 -0.0
4927 -0.0
4928 0.0518237598754
4929 -0.0
4930 -0.0
4931 -0.0
4932 0.184528646934
4934 0.378368155835
4935 -0.0
4936 -0.0
4937 -0.0
4939 -0.0
4940 1.42304772669
4941 -0.0
4943 -0.0
4946 -0.0
4947 -0.0
4948 0.230220251715
4949 -0.0
4950 0.00975951650358
4951 -0.0
4952 -0.0
4953 -0.0
4955 -0.0
4958 0.0506994477116
4959 -0.0
4962 -0.0
4963 -0.0
4966 -0.0
4967 -0.0
4969 -0.0
4970 -0.0
4971 -0.0
4972 0.182079936238
4973 -0.0
4974 -0.0
4975 -0.0
4976 0.00856294389739
4978 -0.0
4979 -0.0
4980 -0.0
4981 -0.0
4982 -0.0
4984 -0.0
4985 -0.0
4986 -0.0
4987 -0.0
4988 -0.0
4992 -0.0
4993 -0.0
4994 -0.0
4995 0.0546538421092
4996 -0.0
4998 -0.0
5002 -0.0
5004 -0.0
5005 -0.0
5006 -0.0
5007 -0.0
5008 -0.0
5009 -0.0
5010 -0.0
5011 -0.0
5012 -0.0
5014 -0.0
5016 -0.0
5020 -0.0
5021 -0.0
5022 -0.0
5023 -0.0
5024 -0.0
5025 -0.0
5028 -0.0
5029 -0.0
5030 -0.0
5031 -0.0
5032 -0.0
5033 -0.0
5034 -0.0
5035 -0.0
5036 -0.0
5037 -0.0
5039 -0.0
5040 -0.0
5041 -0.0
5043 -0.0
5044 -0.0
5046 -0.0
5047 -0.0
5048 1.9777131172
5049 -0.0
5050 2.17730807465
5051 -0.0
5052 -0.0
5053 -0.0
5054 -0.0
5055 -0.0
5058 0.272108033231
5060 9.98779401493
5061 -0.0
5062 -0.0
5063 0.562881208493
5064 -0.0
5065 -0.0
5066 0.046643485851
5067 -0.0
5069 -0.0
5070 -0.0
5072 -0.0
5073 -0.0
5075 -0.0
5077 1.05666998326
5079 -0.0
5080 -0.0
5082 -0.0
5083 -0.0
5084 -0.0
5085 -0.0
5086 -0.0
5087 -0.0
5088 -0.0
5089 -0.0
5090 -0.0
5091 -0.0
5092 -0.0
5093 -0.0
5094 -0.0
5095 -0.0
5097 -0.0
5098 -0.0
5099 -0.0
5100 -0.0
5101 -0.0
5102 -0.0
5103 -0.0
5105 -0.0
5106 -0.0
5107 -0.0
5108 -0.0
5109 -0.0
5110 -0.0
5112 -0.0
5113 0.0382697888057
5114 -0.0
5115 -0.0
5116 -0.0
5117 -0.0
5118 -0.0
5119 -0.0
5120 -0.0
5121 -0.0
5122 -0.0
5123 -0.0
5124 -0.0
5127 -0.0
5129 -0.0
5131 -0.0
5132 -0.0
5134 -0.0
5138 -0.0
5139 -0.0
5140 -0.0
5141 -0.0
5142 -0.0
5143 -0.0
5144 -0.0
5145 -0.0
5146 -0.0
5147 -0.0
5148 -0.0
5149 -0.0
5151 -0.0
5153 -0.0
5157 -0.0
5158 -0.0
5159 -0.0
5160 -0.0
5161 -0.0
5162 -0.0
5163 -0.0
5171 -0.0
5172 -0.0
5173 -0.0
5174 -0.0
5175 -0.0
5178 -0.0
5179 -0.0
5180 -0.0
5181 -0.0
5182 -0.0
5183 -0.0
5184 0.152172760997
5185 0.29223154136
5186 -0.0
5187 -0.0
5188 -0.0
5189 -0.0
5190 0.0727900886131
5197 -0.0
5198 -0.0
5199 -0.0
5200 -0.0
5201 -0.0
5203 -0.0
5204 -0.0
5207 -0.0
5208 -0.0
5209 -0.0
5210 -0.0
5211 -0.0
5213 -0.0
5214 -0.0
5216 -0.0
5217 -0.0
5219 -0.0
5220 -0.0
5223 -0.0
5224 -0.0
5226 -0.0
5227 -0.0
5229 -0.0
5230 -0.0
5232 -0.0
5234 -0.0
5235 0.165087925066
5238 -0.0
5239 -0.0
5240 0.611474307174
5241 -0.0
5242 -0.0
5243 -0.0
5246 -0.0
5247 -0.0
5248 -0.0
5250 -0.0
5251 -0.0
5252 -0.0
5253 0.0643453912655
5256 -0.0
5259 -0.0
5262 -0.0
5263 -0.0
5264 0.572297771201
5265 -0.0
5266 -0.0
5267 -0.0
5268 -0.0
5271 -0.0
5272 -0.0
5273 -0.0
5275 -0.0
5276 -0.0
5277 -0.0
5278 -0.0
5279 -0.0
5280 -0.0
5281 -0.0
5283 -0.0
5284 -0.0
5286 -0.0
5287 -0.0
5288 -0.0
5290 -0.0
5291 -0.0
5292 0.184528646934
5294 -0.0
5295 -0.0
5296 -0.0
5298 -0.0
5300 -0.0
5301 -0.0
5303 -0.0
5304 0.0546538421092
5306 -0.0
5307 -0.0
5312 -0.0
5316 -0.0
5317 -0.0
5318 0.140392041712
5319 -0.0
5320 -0.0
5321 -0.0
5322 -0.0
5323 -0.0
5325 -0.0
5327 -0.0
5328 -0.0
5330 -0.0
5331 -0.0
5332 -0.0
5333 -0.0
5334 -0.0
5335 0.563619782979
5337 -0.0
5339 -0.0
5340 -0.0
5341 -0.0
5342 -0.0
5343 -0.0
5344 -0.0
5345 0.0879841361041
5346 -0.0
5347 -0.0
5348 -0.0
5349 -0.0
5350 -0.0
5351 -0.0
5352 -0.0
5353 -0.0
5354 -0.0
5355 -0.0
5356 -0.0
5357 -0.0
5358 -0.0
5359 -0.0
5360 -0.0
5361 -0.0
5362 -0.0
5364 -0.0
5366 0.609155645209
5367 -0.0
5368 -0.0
5369 -0.0
5370 -0.0
5372 -0.0
5373 -0.0
5374 -0.0
5376 -0.0
5378 -0.0
5380 -0.0
5382 -0.0
5383 -0.0
5384 -0.0
5385 -0.0
5386 -0.0
5387 -0.0
5388 -0.0
5389 -0.0
5390 -0.0
5392 -0.0
5394 -0.0
5397 -0.0
5398 -0.0
5399 4.21791038314
5400 -0.0
5401 -0.0
5402 -0.0
5403 0.122635047637
5404 -0.0
5406 -0.0
5407 -0.0
5408 -0.0
5409 -0.0
5410 0.00015876364896
5412 -0.0
5413 -0.0
5414 -0.0
5415 -0.0
5416 0.104309555913
5417 -0.0
5418 -0.0
5419 -0.0
5421 0.40404657676
5426 -0.0
5427 -0.0
5430 -0.0
5431 -0.0
5432 -0.0
5435 0.197138809084
5436 0.379967792357
5437 -0.0
5438 -0.0
5439 10.5319508693
5440 -0.0
5441 0.122565760863
5442 -0.0
5445 -0.0
5446 0.145786354308
5449 -0.0
5450 -0.0
5451 -0.0
5452 -0.0
5454 -0.0
5455 -0.0
5456 -0.0
5457 -0.0
5459 -0.0
5461 -0.0
5462 -0.0
5463 -0.0
5464 -0.0
5465 -0.0
5466 -0.0
5467 0.113323695894
5469 -0.0
5470 -0.0
5471 -0.0
5474 1.34938789746
5475 -0.0
5477 -0.0
5478 -0.0
5480 -0.0
5481 -0.0
5482 0.83286085117
5483 -0.0
5484 3.8769527115
5485 -0.0
5486 -0.0
5487 -0.0
5488 -0.0
5489 0.0263285098568
5490 0.156614965135
5491 -0.0
5494 -0.0
5498 4.77891271462
5500 -0.0
5501 -0.0
5502 -0.0
5503 -0.0
5504 -0.0
5505 -0.0
5512 -0.0
5515 -0.0
5516 -0.0
5517 -0.0
5520 -0.0
5521 -0.0
5522 -0.0
5523 -0.0
5526 -0.0
5527 -0.0
5529 -0.0
5530 -0.0
5531 -0.0
5533 -0.0
5535 -0.0
5536 -0.0
5537 -0.0
5538 -0.0
5540 -0.0
5543 0.248336823083
5544 -0.0
5545 -0.0
5546 -0.0
5552 -0.0
5553 -0.0
5554 -0.0
5557 -0.0
5558 0.353953267396
5560 -0.0
5561 -0.0
5562 -0.0
5564 -0.0
5565 -0.0
5566 -0.0
5567 -0.0
5568 -0.0
5569 -0.0
5570 -0.0
5571 -0.0
5575 -0.0
5576 -0.0
5577 -0.0
5578 -0.0
5579 -0.0
5580 -0.0
5582 -0.0
5583 -0.0
5584 -0.0
5585 -0.0
5586 -0.0
5587 -0.0
5588 -0.0
5589 -0.0
5590 1.01532919067
5591 -0.0
5592 -0.0
5593 -0.0
5594 -0.0
5595 -0.0
5596 -0.0
5597 -0.0
5598 -0.0
5599 -0.0
5600 -0.0
5601 -0.0
5603 -0.0
5604 -0.0
5605 -0.0
5606 -0.0
5607 4.57325522582
5608 1.71400231921
5609 -0.0
5610 -0.0
5611 -0.0
5612 -0.0
5617 -0.0
5618 -0.0
5619 -0.0
5620 0.107547975305
5621 9.94346369338
5622 -0.0
5623 -0.0
5624 -0.0
5628 -0.0
5630 -0.0
5631 -0.0
5633 -0.0
5634 -0.0
5637 -0.0
5638 -0.0
5640 -0.0
5645 3.3689797731
5648 -0.0
5649 -0.0
5650 -0.0
5651 -0.0
5654 -0.0
5655 -0.0
5660 -0.0
5662 -0.0
5669 -0.0
5671 -0.0
5674 -0.0
5675 -0.0
5678 -0.0
5679 -0.0
5680 -0.0
5682 -0.0
5683 -0.0
5685 0.115704277071
5686 -0.0
5687 -0.0
5688 0.337082830359
5689 -0.0
5693 -0.0
5694 -0.0
5695 -0.0
5696 -0.0
5697 -0.0
5698 -0.0
5699 -0.0
5700 -0.0
5701 -0.0
5702 -0.0
5703 -0.0
5704 -0.0
5705 -0.0
5706 -0.0
5707 -0.0
5708 -0.0
5710 -0.0
5711 0.300332731323
5712 -0.0
5713 -0.0
5714 -0.0
5717 -0.0
5718 -0.0
5719 -0.0
5720 -0.0
5721 -0.0
5724 -0.0
5725 -0.0
5726 -0.0
5727 -0.0
5728 -0.0
5729 -0.0
5731 -0.0
5732 -0.0
5735 -0.0
5736 -0.0
5737 -0.0
5738 -0.0
5739 -0.0
5741 -0.0
5743 -0.0
5744 7.88757297503
5745 -0.0
5747 -0.0
5750 -0.0
5751 -0.0
5753 -0.0
5755 -0.0
5756 -0.0
5757 -0.0
5758 0.185693924992
5760 -0.0
5761 -0.0
5762 -0.0
5763 -0.0
5766 -0.0
5767 -0.0
5769 -0.0
5770 -0.0
5771 -0.0
5772 -0.0
5774 -0.0
5777 -0.0
5779 -0.0
5780 -0.0
5781 -0.0
5782 -0.0
5783 -0.0
5784 -0.0
5785 0.28841435983
5786 -0.0
5787 -0.0
5788 -0.0
5790 -0.0
5795 -0.0
5797 -0.0
5798 -0.0
5801 -0.0
5802 -0.0
5803 -0.0
5804 -0.0
5805 -0.0
5806 -0.0
5807 -0.0
5808 -0.0
5809 -0.0
5811 -0.0
5812 -0.0
5814 -0.0
5815 1.15463284285
5816 -0.0
5817 -0.0
5818 0.719939768755
5820 -0.0
5821 -0.0
5823 -0.0
5824 -0.0
5825 -0.0
5826 -0.0
5827 -0.0
5828 -0.0
5829 -0.0
5831 -0.0
5832 -0.0
5833 -0.0
5834 -0.0
5835 -0.0
5837 -0.0
5838 -0.0
5839 -0.0
5840 -0.0
5842 -0.0
5845 -0.0
5847 -0.0
5848 -0.0
5850 -0.0
5851 0.915250039007
5852 -0.0
5854 -0.0
5856 -0.0
5857 -0.0
5858 -0.0
5859 0.0614938842647
5860 -0.0
5861 -0.0
5862 -0.0
5864 -0.0
5867 -0.0
5868 -0.0
5870 -0.0
5872 -0.0
5875 -0.0
5878 -0.0
5880 -0.0
5884 -0.0
5889 -0.0
5891 0.0514135467129
5893 0.167682218918
5895 -0.0
5898 -0.0
5901 -0.0
5902 0.0846043863828
5903 -0.0
5906 -0.0
5907 -0.0
5908 -0.0
5909 -0.0
5910 0.170550650324
5911 -0.0
5912 -0.0
5913 0.300332731323
5914 0.197138809084
5915 0.0176996792521
5916 -0.0
5917 -0.0
5918 -0.0
5919 -0.0
5920 -0.0
5922 -0.0
5923 -0.0
5924 -0.0
5925 -0.0
5926 -0.0
5927 -0.0
5928 0.13435086299
5930 -0.0
5931 -0.0
5932 -0.0
5933 1.01532919067
5934 -0.0
5935 -0.0
5936 -0.0
5937 -0.0
5939 -0.0
5941 -0.0
5942 -0.0
5944 -0.0
5948 -0.0
5951 -0.0
5952 -0.0
5953 -0.0
5955 -0.0
5959 -0.0
5960 -0.0
5962 0.184381945175
5965 -0.0
5966 -0.0
5967 0.192507591705
5968 -0.0
5969 -0.0
5970 -0.0
5972 -0.0
5975 0.489510352464
5976 -0.0
5977 -0.0
5979 -0.0
5981 -0.0
5982 -0.0
5983 -0.0
5984 -0.0
5986 -0.0
5987 -0.0
5989 -0.0
5990 -0.0
5991 -0.0
5993 -0.0
5997 -0.0
5998 -0.0
5999 -0.0
6000 -0.0
6002 -0.0
6003 -0.0
6004 -0.0
6007 -0.0
6008 -0.0
6009 -0.0
6010 -0.0
6011 -0.0
6012 -0.0
6013 -0.0
6014 -0.0
6015 -0.0
6017 -0.0
6019 -0.0
6020 -0.0
6021 -0.0
6022 -0.0
6023 -0.0
6024 -0.0
6025 -0.0
6026 -0.0
6028 -0.0
6029 -0.0
6031 -0.0
6034 -0.0
6035 -0.0
6036 -0.0
6038 -0.0
6040 -0.0
6041 -0.0
6042 -0.0
6043 -0.0
6044 0.343608340929
6045 -0.0
6046 -0.0
6047 -0.0
6049 -0.0
6050 -0.0
6051 -0.0
6052 0.0382697888057
6053 -0.0
6054 -0.0
6055 -0.0
6060 -0.0
6061 -0.0
6062 -0.0
6063 -0.0
6067 -0.0
6068 -0.0
6071 -0.0
6072 -0.0
6076 -0.0
6077 0.437185581555
6080 -0.0
6081 -0.0
6082 -0.0
6083 -0.0
6086 -0.0
6088 3.60331221557
6090 -0.0
6091 -0.0
6092 -0.0
6095 -0.0
6096 -0.0
6098 -0.0
6099 -0.0
6100 -0.0
6101 -0.0
6102 0.246485499174
6103 -0.0
6105 -0.0
6107 -0.0
6108 -0.0
6109 -0.0
6110 -0.0
6111 -0.0
6112 -0.0
6113 -0.0
6114 0.548555302964
6115 -0.0
6116 -0.0
6119 1.11832855248
6120 -0.0
6122 -0.0
6123 -0.0
6124 -0.0
6125 -0.0
6127 -0.0
6129 -0.0
6130 -0.0
6133 6.1168274638
6134 -0.0
6135 10.7293749592
6136 10.7293749592
6137 -0.0
6138 -0.0
6140 -0.0
6141 -0.0
6142 12.0012468235
6143 0.0412919492082
6146 -0.0
6147 -0.0
6148 -0.0
6149 -0.0
6150 -0.0
6151 -0.0
6152 -0.0
6153 0.192507591705
6154 -0.0
6159 -0.0
6160 -0.0
6161 -0.0
6162 -0.0
6163 -0.0
6167 0.620253702173
6169 -0.0
6170 -0.0
6171 -0.0
6172 0.0712342843365
6173 -0.0
6175 11.7459742603
6178 -0.0
6180 -0.0
6181 -0.0
6182 -0.0
6184 -0.0
6185 -0.0
6186 -0.0
6187 -0.0
6191 0.785035413686
6192 0.0756656550923
6194 -0.0
6195 1.07324244486
6196 -0.0
6197 -0.0
6198 -0.0
6199 0.385757987431
6200 -0.0
6202 -0.0
6203 -0.0
6204 -0.0
6206 -0.0
6207 -0.0
6208 -0.0
6209 -0.0
6210 -0.0
6211 -0.0
6212 -0.0
6213 -0.0
6214 -0.0
6215 0.0157985972817
6216 -0.0
6217 -0.0
6219 -0.0
6220 -0.0
6221 -0.0
6222 -0.0
6224 -0.0
6226 -0.0
6228 -0.0
6229 -0.0
6230 -0.0
6231 -0.0
6232 -0.0
6233 -0.0
6234 -0.0
6235 -0.0
6237 -0.0
6238 -0.0
6239 0.182079936238
6240 -0.0
6241 -0.0
6242 -0.0
6245 -0.0
6246 -0.0
6248 -0.0
6250 -0.0
6251 -0.0
6252 -0.0
6255 -0.0
6259 -0.0
6260 -0.0
6261 -0.0
6262 -0.0
6263 -0.0
6264 -0.0
6267 -0.0
6269 -0.0
6270 -0.0
6271 -0.0
6272 -0.0
6273 -0.0
6274 0.0606783713684
6275 -0.0
6276 -0.0
6277 -0.0
6278 -0.0
6279 -0.0
6280 -0.0
6281 -0.0
6284 -0.0
6285 -0.0
6286 -0.0
6287 0.0382697888057
6289 -0.0
6295 -0.0
6296 -0.0
6297 -0.0
6298 -0.0
6301 -0.0
6302 -0.0
6303 -0.0
6304 -0.0
6305 -0.0
6307 -0.0
6309 -0.0
6310 -0.0
6311 -0.0
6312 -0.0
6313 -0.0
6314 -0.0
6316 -0.0
6318 -0.0
6321 5.64156181558
6322 -0.0
6323 -0.0
6324 -0.0
6325 -0.0
6326 -0.0
6328 -0.0
6329 -0.0
6330 -0.0
6331 -0.0
6332 -0.0
6334 -0.0
6335 -0.0
6337 -0.0
6338 -0.0
6340 -0.0
6342 0.0122155712219
6345 -0.0
6346 -0.0
6347 -0.0
6348 -0.0
6355 -0.0
6358 -0.0
6359 -0.0
6360 0.0394730009048
6361 -0.0
6362 -0.0
6365 -0.0
6369 -0.0
6373 -0.0
6376 -0.0
6377 0.332097108349
6378 -0.0
6379 -0.0
6381 -0.0
6383 -0.0
6385 0.00881106250515
6386 -0.0
6387 -0.0
6388 -0.0
6389 -0.0
6391 -0.0
6393 -0.0
6394 -0.0
6396 -0.0
6397 -0.0
6400 -0.0
6402 -0.0
6403 -0.0
6404 -0.0
6405 -0.0
6406 -0.0
6410 -0.0
6411 0.133748233159
6412 -0.0
6413 -0.0
6414 -0.0
6415 -0.0
6416 -0.0
6418 -0.0
6420 -0.0
6421 -0.0
6422 -0.0
6423 -0.0
6424 -0.0
6425 -0.0
6428 0.00170904992567
6429 0.144511070342
6432 -0.0
6433 -0.0
6434 0.270931316697
6435 -0.0
6438 2.45437649588
6439 -0.0
6441 0.814017258391
6442 -0.0
6443 -0.0
6444 0.0656810100505
6445 -0.0
6446 -0.0
6448 -0.0
6449 0.00534988389344
6450 -0.0
6451 -0.0
6452 -0.0
6453 -0.0
6454 -0.0
6455 -0.0
6456 -0.0
6458 0.0314664334048
6460 -0.0
6463 -0.0
6464 -0.0
6465 -0.0
6466 -0.0
6467 -0.0
6470 -0.0
6471 -0.0
6473 -0.0
6474 -0.0
6475 -0.0
6480 -0.0
6483 -0.0
6485 -0.0
6489 -0.0
6491 -0.0
6492 -0.0
6493 -0.0
6495 -0.0
6496 -0.0
6498 -0.0
6499 -0.0
6500 -0.0
6503 -0.0
6504 -0.0
6508 -0.0
6512 -0.0
6513 -0.0
6514 -0.0
6515 3.18640240049
6517 -0.0
6518 -0.0
6521 -0.0
6522 -0.0
6523 -0.0
6525 -0.0
6526 -0.0
6528 -0.0
6530 -0.0
6531 -0.0
6532 -0.0
6533 -0.0
6534 -0.0
6535 -0.0
6539 0.426108887238
6543 -0.0
6547 -0.0
6548 -0.0
6550 -0.0
6551 -0.0
6554 -0.0
6555 -0.0
6558 -0.0
6561 -0.0
6565 -0.0
6570 -0.0
6573 -0.0
6574 -0.0
6575 -0.0
6576 -0.0
6578 -0.0
6579 -0.0
6584 -0.0
6587 -0.0
6588 -0.0
6590 -0.0
6591 -0.0
6592 -0.0
6594 -0.0
6595 -0.0
6596 -0.0
6597 -0.0
6599 -0.0
6600 -0.0
6601 -0.0
6602 -0.0
6603 -0.0
6605 -0.0
6607 -0.0
6608 -0.0
6609 -0.0
6611 -0.0
6612 -0.0
6614 -0.0
6615 -0.0
6618 -0.0
6619 -0.0
6623 -0.0
6624 -0.0
6627 -0.0
6630 -0.0
6632 0.136789119002
6635 -0.0
6639 -0.0
6640 -0.0
6643 -0.0
6645 -0.0
6646 -0.0
6647 -0.0
6649 -0.0
6650 -0.0
6651 0.39374991056
6652 -0.0
6653 -0.0
6654 -0.0
6655 -0.0
6656 -0.0
6658 -0.0
6659 -0.0
6661 -0.0
6662 -0.0
6663 -0.0
6664 -0.0
6665 -0.0
6666 -0.0
6667 -0.0
6668 -0.0
6669 -0.0
6670 -0.0
6671 -0.0
6672 -0.0
6673 -0.0
6674 -0.0
6675 -0.0
6676 -0.0
6680 -0.0
6682 -0.0
6683 -0.0
6685 0.276474797156
6687 -0.0
6693 -0.0
6694 -0.0
6695 -0.0
6696 -0.0
6697 -0.0
6698 -0.0
6700 -0.0
6701 -0.0
6702 -0.0
6703 -0.0
6704 -0.0
6705 -0.0
6710 -0.0
6713 -0.0
6714 -0.0
6715 -0.0
6716 -0.0
6717 -0.0
6718 -0.0
6719 0.562881208493
6720 -0.0
6721 0.192976820927
6722 -0.0
6723 -0.0
6724 -0.0
6725 -0.0
6727 -0.0
6729 -0.0
6730 12.0012468235
6732 -0.0
6733 -0.0
6735 -0.0
6740 -0.0
6741 -0.0
6742 -0.0
6743 -0.0
6744 -0.0
6746 -0.0
6748 -0.0
6749 -0.0
6750 -0.0
6751 -0.0
6752 -0.0
6753 -0.0
6754 -0.0
6755 0.0862616260817
6756 0.382078442692
6757 -0.0
6758 -0.0
6759 -0.0
6760 -0.0
6762 -0.0
6763 0.256566988317
6764 -0.0
6769 -0.0
6770 2.48469216705
6772 -0.0
6773 -0.0
6774 -0.0
6776 -0.0
6777 -0.0
6778 0.225604434721
6779 -0.0
6780 -0.0
6783 -0.0
6784 -0.0
6785 -0.0
6786 -0.0
6787 -0.0
6788 -0.0
6789 -0.0
6791 -0.0
6793 -0.0
6794 -0.0
6795 0.247950706652
6797 -0.0
6798 -0.0
6801 -0.0
6802 -0.0
6804 -0.0
6805 -0.0
6806 -0.0
6807 -0.0
6808 -0.0
6809 -0.0
6810 -0.0
6813 -0.0
6814 -0.0
6815 -0.0
6817 -0.0
6818 -0.0
6819 -0.0
6821 -0.0
6822 -0.0
6823 -0.0
6824 -0.0
6827 -0.0
6828 -0.0
6829 -0.0
6830 -0.0
6831 -0.0
6832 -0.0
6833 -0.0
6834 0.138160495436
6835 -0.0
6836 -0.0
6837 -0.0
6838 -0.0
6840 -0.0
6841 -0.0
6842 -0.0
6843 -0.0
6844 -0.0
6845 -0.0
6846 -0.0
6847 -0.0
6849 -0.0
6850 -0.0
6851 -0.0
6853 -0.0
6854 -0.0
6856 -0.0
6857 -0.0
6860 -0.0
6862 -0.0
6864 -0.0
6865 -0.0
6866 -0.0
6867 -0.0
6868 -0.0
6869 -0.0
6870 -0.0
6871 -0.0
6872 -0.0
6873 -0.0
6874 -0.0
6875 -0.0
6876 -0.0
6877 -0.0
6878 -0.0
6879 -0.0
6880 -0.0
6881 -0.0
6882 -0.0
6883 -0.0
6884 -0.0
6885 -0.0
6889 -0.0
6890 -0.0
6891 -0.0
6893 0.10120353855
6895 -0.0
6896 -0.0
6900 -0.0
6901 -0.0
6902 -0.0
6903 -0.0
6904 -0.0
6905 -0.0
6909 -0.0
6910 -0.0
6911 -0.0
6912 -0.0
6913 -0.0
6915 -0.0
6916 0.362102485358
6917 -0.0
6918 -0.0
6919 -0.0
6921 -0.0
6923 -0.0
6925 -0.0
6927 -0.0
6928 -0.0
6929 -0.0
6930 -0.0
6931 -0.0
6932 -0.0
6934 -0.0
6937 -0.0
6938 -0.0
6939 -0.0
6940 -0.0
6941 -0.0
6943 -0.0
6944 -0.0
6945 -0.0
6948 -0.0
6949 -0.0
6951 -0.0
6953 -0.0
6954 0.459126683612
6955 0.296152479193
6956 -0.0
6957 -0.0
6958 0.159511430449
6959 -0.0
6960 -0.0
6962 0.167682218918
6963 -0.0
6964 0.465712760844
6965 -0.0
6967 -0.0
6968 -0.0
6969 0.563619782979
6970 -0.0
6971 -0.0
6972 -0.0
6973 -0.0
6974 -0.0
6976 0.00387774756988
6978 -0.0
6979 -0.0
6981 -0.0
6982 -0.0
6983 -0.0
6985 -0.0
6986 0.0157985972817
6987 -0.0
6988 -0.0
6990 -0.0
6991 -0.0
6992 -0.0
6993 -0.0
6994 -0.0
6996 -0.0
6997 -0.0
6998 -0.0
6999 -0.0
7000 -0.0
7001 -0.0
7002 -0.0
7003 -0.0
7004 -0.0
7005 -0.0
7007 -0.0
7009 -0.0
7010 -0.0
7011 -0.0
7012 -0.0
7016 0.481006758315
7017 -0.0
7018 -0.0
7019 -0.0
7020 -0.0
7025 -0.0
7027 -0.0
7028 -0.0
7029 -0.0
7030 -0.0
7031 -0.0
7033 -0.0
7034 -0.0
7035 -0.0
7036 -0.0
7037 -0.0
7038 -0.0
7039 -0.0
7040 -0.0
7041 -0.0
7042 -0.0
7043 -0.0
7044 -0.0
7045 -0.0
7047 -0.0
7048 -0.0
7049 -0.0
7050 -0.0
7053 -0.0
7054 -0.0
7058 -0.0
7059 0.00205275933549
7064 -0.0
7065 -0.0
7066 -0.0
7067 -0.0
7068 -0.0
7069 -0.0
7070 -0.0
7071 -0.0
7072 0.226072103339
7073 -0.0
7075 -0.0
7076 -0.0
7077 -0.0
7078 -0.0
7083 -0.0
7084 -0.0
7085 -0.0
7087 -0.0
7088 -0.0
7091 -0.0
7095 -0.0
7096 -0.0
7097 -0.0
7098 -0.0
7100 -0.0
7101 1.30906279545
7102 -0.0
7105 -0.0
7107 -0.0
7111 -0.0
7113 -0.0
7114 -0.0
7115 -0.0
7117 0.236503647875
7118 -0.0
7119 -0.0
7120 -0.0
7121 -0.0
7123 -0.0
7125 -0.0
7127 -0.0
7129 -0.0
7130 0.117675180967
7131 -0.0
7132 -0.0
7133 -0.0
7136 -0.0
7137 -0.0
7138 -0.0
7139 -0.0
7140 -0.0
7142 -0.0
7146 -0.0
7147 -0.0
7148 -0.0
7149 -0.0
7150 -0.0
7151 -0.0
7152 -0.0
7153 -0.0
7154 -0.0
7155 -0.0
7156 -0.0
7157 0.295511277166
7158 -0.0
7159 -0.0
7160 -0.0
7161 0.0331077978722
7163 -0.0
7164 -0.0
7165 -0.0
7166 -0.0
7168 -0.0
7169 -0.0
7171 -0.0
7172 -0.0
7173 -0.0
7174 -0.0
7175 -0.0
7177 -0.0
7178 5.30423428625
7179 -0.0
7180 -0.0
7184 -0.0
7185 -0.0
7186 -0.0
7187 -0.0
7189 -0.0
7190 -0.0
7191 -0.0
7194 -0.0
7196 -0.0
7198 -0.0
7199 -0.0
7200 -0.0
7202 -0.0
7203 -0.0
7204 -0.0
7205 -0.0
7206 -0.0
7207 -0.0
7208 -0.0
7209 -0.0
7210 -0.0
7212 -0.0
7214 -0.0
7215 -0.0
7216 -0.0
7217 -0.0
7219 0.0756656550923
7220 -0.0
7223 -0.0
7226 -0.0
7227 -0.0
7228 -0.0
7230 -0.0
7232 -0.0
7233 -0.0
7234 0.432080424224
7235 -0.0
7236 -0.0
7237 -0.0
7240 -0.0
7243 -0.0
7247 0.13634214845
7248 -0.0
7249 -0.0
7250 -0.0
7251 -0.0
7252 -0.0
7253 -0.0
7254 -0.0
7256 -0.0
7257 -0.0
7258 -0.0
7259 -0.0
7260 -0.0
7262 -0.0
7263 -0.0
7264 0.19222746022
7266 -0.0
7267 -0.0
7270 0.189673977579
7272 -0.0
7273 -0.0
7279 -0.0
7280 -0.0
7282 -0.0
7285 0.359086471187
7286 -0.0
7288 -0.0
7290 -0.0
7292 -0.0
7295 -0.0
7297 -0.0
7298 -0.0
7299 -0.0
7300 -0.0
7302 -0.0
7303 -0.0
7304 -0.0
7308 -0.0
7309 -0.0
7310 -0.0
7313 -0.0
7314 -0.0
7316 -0.0
7317 -0.0
7318 -0.0
7319 -0.0
7320 -0.0
7321 -0.0
7323 -0.0
7325 -0.0
7328 -0.0
7329 -0.0
7331 -0.0
7332 -0.0
7334 -0.0
7335 -0.0
7339 -0.0
7341 -0.0
7343 -0.0
7344 -0.0
7345 -0.0
7346 -0.0
7348 -0.0
7349 -0.0
7350 -0.0
7352 -0.0
7353 -0.0
7354 -0.0
7356 0.165087925066
7357 -0.0
7361 -0.0
7363 -0.0
7364 -0.0
7366 -0.0
7369 -0.0
7371 -0.0
7372 0.00205275933549
7373 -0.0
7374 -0.0
7375 -0.0
7376 -0.0
7377 -0.0
7378 -0.0
7379 0.177271819701
7380 -0.0
7383 -0.0
7384 -0.0
7385 -0.0
7386 -0.0
7388 -0.0
7389 0.23660630208
7390 -0.0
7391 -0.0
7392 -0.0
7393 -0.0
7395 -0.0
7396 -0.0
7397 -0.0
7398 0.329845748178
7402 -0.0
7406 -0.0
7407 -0.0
7410 -0.0
7411 -0.0
7412 -0.0
7414 -0.0
7416 -0.0
7418 -0.0
7420 -0.0
7421 -0.0
7422 -0.0
7423 0.00492101449286
7424 -0.0
7425 -0.0
7426 -0.0
7427 -0.0
7429 -0.0
7430 -0.0
7431 -0.0
7434 -0.0
7435 -0.0
7437 -0.0
7438 -0.0
7439 -0.0
7440 -0.0
7442 -0.0
7445 -0.0
7446 -0.0
7447 -0.0
7448 -0.0
7450 -0.0
7453 -0.0
7454 -0.0
7456 0.0340045434933
7458 -0.0
7459 -0.0
7461 -0.0
7463 -0.0
7464 -0.0
7465 -0.0
7466 -0.0
7467 -0.0
7468 -0.0
7469 -0.0
7471 -0.0
7473 0.268198893364
7474 -0.0
7478 -0.0
7479 -0.0
7480 -0.0
7481 -0.0
7482 -0.0
7484 -0.0
7485 -0.0
7488 -0.0
7489 -0.0
7490 -0.0
7491 -0.0
7493 -0.0
7495 -0.0
7497 -0.0
7498 -0.0
7501 -0.0
7503 -0.0
7504 -0.0
7507 -0.0
7508 -0.0
7509 -0.0
7510 -0.0
7511 0.99051765936
7512 -0.0
7513 -0.0
7514 -0.0
7515 -0.0
7516 -0.0
7517 -0.0
7518 -0.0
7519 -0.0
7520 -0.0
7521 -0.0
7522 -0.0
7525 -0.0
7526 -0.0
7528 -0.0
7529 -0.0
7530 -0.0
7531 -0.0
7532 -0.0
7533 -0.0
7534 -0.0
7535 -0.0
7536 -0.0
7539 -0.0
7540 -0.0
7541 -0.0
7542 -0.0
7543 -0.0
7545 -0.0
7546 -0.0
7548 -0.0
7550 -0.0
7551 -0.0
7552 -0.0
7553 -0.0
7555 0.117675180967
7557 -0.0
7559 -0.0
7560 0.824672612499
7562 -0.0
7563 -0.0
7564 -0.0
7565 -0.0
7566 -0.0
7567 -0.0
7568 -0.0
7570 -0.0
7573 -0.0
7578 -0.0
7579 -0.0
7581 -0.0
7582 0.481067365246
7583 -0.0
7584 -0.0
7590 -0.0
7592 -0.0
7594 -0.0
7598 -0.0
7599 -0.0
7601 -0.0
7602 -0.0
7604 -0.0
7605 -0.0
7606 -0.0
7607 -0.0
7608 -0.0
7609 -0.0
7610 -0.0
7612 -0.0
7613 -0.0
7614 -0.0
7615 1.33250268596
7616 -0.0
7618 -0.0
7619 -0.0
7620 1.84413220155
7621 -0.0
7622 -0.0
7623 -0.0
7624 -0.0
7625 -0.0
7626 -0.0
7627 -0.0
7630 -0.0
7631 -0.0
7632 -0.0
7633 -0.0
7634 -0.0
7637 -0.0
7638 -0.0
7639 -0.0
7640 -0.0
7641 -0.0
7642 -0.0
7643 -0.0
7644 -0.0
7645 -0.0
7646 -0.0
7647 -0.0
7648 0.0211954791244
7653 -0.0
7655 -0.0
7656 -0.0
7657 -0.0
7658 -0.0
7659 -0.0
7661 -0.0
7665 -0.0
7666 -0.0
7668 -0.0
7669 -0.0
7670 -0.0
7671 11.4702502025
7672 -0.0
7674 -0.0
7675 0.465448233324
7676 -0.0
7677 -0.0
7679 -0.0
7681 -0.0
7682 -0.0
7683 -0.0
7684 -0.0
7685 -0.0
7688 -0.0
7689 -0.0
7690 -0.0
7691 -0.0
7692 -0.0
7693 -0.0
7694 -0.0
7695 0.0555246813073
7696 -0.0
7701 -0.0
7703 -0.0
7704 -0.0
7705 0.171929571598
7706 0.177461031969
7709 -0.0
7710 -0.0
7711 0.0245271537501
7712 -0.0
7714 0.833768576179
7715 -0.0
7720 -0.0
7721 -0.0
7722 -0.0
7723 -0.0
7724 -0.0
7725 -0.0
7726 -0.0
7727 -0.0
7729 -0.0
7731 -0.0
7732 -0.0
7735 -0.0
7736 -0.0
7739 -0.0
7741 -0.0
7743 -0.0
7744 -0.0
7746 -0.0
7747 0.00580708123988
7748 -0.0
7749 0.144511070342
7751 -0.0
7752 -0.0
7754 -0.0
7755 0.168603410267
7757 -0.0
7758 -0.0
7761 -0.0
7762 -0.0
7764 -0.0
7769 -0.0
7770 -0.0
7771 -0.0
7774 -0.0
7775 -0.0
7776 -0.0
7778 0.0846043863828
7779 -0.0
7780 -0.0
7781 -0.0
7782 0.13634214845
7783 -0.0
7784 -0.0
7785 -0.0
7786 0.197138809084
7787 -0.0
7788 -0.0
7789 0.0382697888057
7790 -0.0
7791 -0.0
7795 -0.0
7797 -0.0
7798 0.136789119002
7799 -0.0
7800 -0.0
7801 -0.0
7803 -0.0
7804 -0.0
7805 -0.0
7807 0.87091396478
7808 -0.0
7811 -0.0
7812 -0.0
7813 -0.0
7814 -0.0
7815 -0.0
7816 -0.0
7817 -0.0
7818 -0.0
7819 -0.0
7820 -0.0
7823 -0.0
7824 -0.0
7826 -0.0
7827 -0.0
7831 -0.0
7832 -0.0
7833 -0.0
7834 -0.0
7835 -0.0
7836 -0.0
7837 2.1877568423
7838 -0.0
7840 -0.0
7841 -0.0
7842 -0.0
7843 -0.0
7844 -0.0
7845 -0.0
7846 -0.0
7847 -0.0
7848 -0.0
7849 -0.0
7850 -0.0
7851 -0.0
7853 -0.0
7854 -0.0
7855 -0.0
7856 -0.0
7858 -0.0
7859 -0.0
7860 -0.0
7862 -0.0
7863 -0.0
7864 -0.0
7865 -0.0
7866 -0.0
7870 -0.0
7872 -0.0
7874 -0.0
7875 -0.0
7876 -0.0
7877 -0.0
7878 -0.0
7880 -0.0
7883 -0.0
7885 -0.0
7887 -0.0
7889 0.461495135478
7890 -0.0
7891 -0.0
7892 -0.0
7893 -0.0
7895 -0.0
7896 -0.0
7898 -0.0
7900 -0.0
7901 -0.0
7902 -0.0
7904 -0.0
7905 -0.0
7906 -0.0
7907 -0.0
7908 -0.0
7909 0.290870868269
7910 -0.0
7911 -0.0
7912 -0.0
7913 -0.0
7914 -0.0
7915 -0.0
7920 -0.0
7923 -0.0
7924 -0.0
7925 -0.0
7928 -0.0
7929 -0.0
7931 -0.0
7932 0.171929571598
7933 -0.0
7935 -0.0
7936 -0.0
7937 -0.0
7938 -0.0
7940 -0.0
7941 -0.0
7942 -0.0
7943 -0.0
7944 -0.0
7946 -0.0
7948 -0.0
7949 -0.0
7950 -0.0
7952 -0.0
7953 -0.0
7954 -0.0
7955 -0.0
7956 1.49507632091
7957 -0.0
7958 -0.0
7960 -0.0
7961 -0.0
7963 -0.0
7964 -0.0
7965 -0.0
7966 -0.0
7967 -0.0
7968 -0.0
7969 -0.0
7970 -0.0
7971 -0.0
7972 -0.0
7973 -0.0
7974 -0.0
7976 -0.0
7977 12.0012468235
7980 -0.0
7981 -0.0
7986 -0.0
7988 -0.0
7989 -0.0
7990 -0.0
7991 -0.0
7992 -0.0
7993 -0.0
7994 -0.0
7996 -0.0
7997 -0.0
7998 0.00975951650358
7999 -0.0
8001 -0.0
8006 -0.0
8009 -0.0
8011 -0.0
8012 -0.0
8013 0.443397818822
8015 -0.0
8016 -0.0
8017 -0.0
8018 -0.0
8019 -0.0
8020 -0.0
8021 -0.0
8022 -0.0
8023 -0.0
8024 -0.0
8025 -0.0
8026 -0.0
8027 -0.0
8031 1.91472512374
8032 -0.0
8033 -0.0
8034 -0.0
8035 -0.0
8036 -0.0
8037 -0.0
8038 2.10251124529
8039 -0.0
8041 0.254479816376
8042 -0.0
8043 -0.0
8044 -0.0
8046 0.203868720452
8048 -0.0
8050 -0.0
8052 -0.0
8053 -0.0
8054 -0.0
8056 -0.0
8057 -0.0
8058 -0.0
8059 -0.0
8060 -0.0
8061 -0.0
8062 -0.0
8063 1.08084091664
8064 -0.0
8065 -0.0
8066 -0.0
8067 -0.0
8068 -0.0
8069 -0.0
8070 -0.0
8071 -0.0
8074 0.584078420444
8075 -0.0
8076 -0.0
8077 -0.0
8079 -0.0
8080 -0.0
8081 -0.0
8083 -0.0
8084 0.0514014716675
8085 -0.0
8086 -0.0
8087 -0.0
8089 -0.0
8090 -0.0
8091 -0.0
8092 -0.0
8093 -0.0
8094 -0.0
8095 -0.0
8096 -0.0
8097 -0.0
8098 -0.0
8099 -0.0
8102 -0.0
8103 -0.0
8104 -0.0
8105 -0.0
8106 -0.0
8108 -0.0
8109 -0.0
8111 0.164663792496
8112 -0.0
8115 -0.0
8116 -0.0
8120 -0.0
8122 -0.0
8123 -0.0
8124 -0.0
8125 -0.0
8126 -0.0
8127 -0.0
8130 -0.0
8132 -0.0
8134 -0.0
8136 -0.0
8137 -0.0
8138 -0.0
8139 -0.0
8142 0.949262668458
8145 0.494225358515
8146 -0.0
8147 0.0756656550923
8148 -0.0
8149 -0.0
8150 -0.0
8151 -0.0
8152 -0.0
8153 -0.0
8157 -0.0
8158 -0.0
8159 -0.0
8160 -0.0
8162 -0.0
8164 -0.0
8165 -0.0
8166 -0.0
8167 -0.0
8171 -0.0
8174 -0.0
8176 -0.0
8178 -0.0
8179 -0.0
8184 -0.0
8185 -0.0
8186 -0.0
8187 -0.0
8189 -0.0
8190 -0.0
8191 -0.0
8194 -0.0
8195 -0.0
8196 -0.0
8197 -0.0
8199 -0.0
8200 -0.0
8202 -0.0
8204 -0.0
8206 -0.0
8209 -0.0
8210 -0.0
8213 -0.0
8214 -0.0
8215 -0.0
8218 8.07798582086
8219 11.7459742603
8220 -0.0
8222 -0.0
8225 -0.0
8226 -0.0
8227 -0.0
8228 -0.0
8229 -0.0
8230 -0.0
8233 -0.0
8234 -0.0
8235 -0.0
8237 -0.0
8240 -0.0
8241 -0.0
8242 -0.0
8243 -0.0
8244 -0.0
8245 -0.0
8247 -0.0
8248 -0.0
8249 -0.0
8250 -0.0
8251 -0.0
8252 -0.0
8253 -0.0
8255 -0.0
8256 -0.0
8257 -0.0
8258 -0.0
8259 -0.0
8260 -0.0
8261 -0.0
8262 -0.0
8264 0.370289455519
8265 -0.0
8266 -0.0
8267 -0.0
8268 -0.0
8269 -0.0
8270 0.00175827789449
8271 -0.0
8272 -0.0
8273 -0.0
8274 0.14692259158
8275 -0.0
8276 -0.0
8278 -0.0
8279 -0.0
8280 -0.0
8281 -0.0
8282 -0.0
8283 -0.0
8284 -0.0
8285 -0.0
8286 -0.0
8288 -0.0
8290 1.39184295253
8291 0.783319321745
8292 -0.0
8293 -0.0
8296 -0.0
8297 -0.0
8298 -0.0
8302 -0.0
8303 -0.0
8304 -0.0
8305 -0.0
8306 -0.0
8307 -0.0
8308 0.0504938717047
8309 -0.0
8310 -0.0
8313 0.0379156303537
8315 -0.0
8316 -0.0
8317 -0.0
8318 -0.0
8319 -0.0
8320 -0.0
8321 -0.0
8322 -0.0
8323 -0.0
8325 -0.0
8326 0.459126683612
8327 -0.0
8328 0.043806204393
8329 -0.0
8332 -0.0
8334 -0.0
8336 -0.0
8337 -0.0
8338 -0.0
8340 -0.0
8342 -0.0
8343 -0.0
8344 -0.0
8350 9.54279594979
8351 -0.0
8352 -0.0
8354 -0.0
8355 -0.0
8356 -0.0
8357 -0.0
8358 -0.0
8360 -0.0
8363 0.323910983212
8364 -0.0
8365 -0.0
8366 -0.0
8367 -0.0
8368 -0.0
8369 0.0846043863828
8370 -0.0
8371 -0.0
8374 -0.0
8376 -0.0
8377 -0.0
8378 -0.0
8379 -0.0
8380 -0.0
8381 -0.0
8382 -0.0
8383 -0.0
8384 -0.0
8385 0.0767129686525
8386 -0.0
8387 -0.0
8389 -0.0
8390 -0.0
8391 -0.0
8393 0.620253702173
8394 -0.0
8395 -0.0
8397 -0.0
8398 -0.0
8400 -0.0
8402 -0.0
8404 -0.0
8405 -0.0
8409 -0.0
8411 -0.0
8413 -0.0
8414 -0.0
8415 -0.0
8416 -0.0
8417 -0.0
8418 -0.0
8419 -0.0
8420 -0.0
8421 -0.0
8422 -0.0
8425 -0.0
8426 -0.0
8428 -0.0
8431 -0.0
8432 0.0784825941957
8433 -0.0
8436 -0.0
8439 -0.0
8440 -0.0
8441 -0.0
8443 -0.0
8444 -0.0
8446 -0.0
8447 0.459126683612
8448 -0.0
8449 -0.0
8450 -0.0
8452 -0.0
8453 0.678966706293
8454 -0.0
8455 -0.0
8456 -0.0
8457 -0.0
8459 -0.0
8462 -0.0
8463 -0.0
8464 -0.0
8466 -0.0
8467 1.6069687511
8469 -0.0
8470 -0.0
8471 -0.0
8473 -0.0
8474 -0.0
8475 -0.0
8476 -0.0
8477 -0.0
8478 -0.0
8480 -0.0
8481 -0.0
8482 -0.0
8483 -0.0
8484 -0.0
8485 -0.0
8486 0.14692259158
8487 0.380588790306
8488 -0.0
8489 -0.0
8490 -0.0
8491 0.94737299613
8492 -0.0
8496 -0.0
8497 -0.0
8498 -0.0
8499 -0.0
8501 -0.0
8502 -0.0
8505 -0.0
8508 -0.0
8509 -0.0
8510 -0.0
8512 -0.0
8513 -0.0
8514 -0.0
8516 -0.0
8517 -0.0
8518 -0.0
8523 -0.0
8525 -0.0
8528 -0.0
8530 -0.0
8531 -0.0
8532 -0.0
8533 -0.0
8534 -0.0
8535 -0.0
8537 -0.0
8538 -0.0
8541 -0.0
8547 -0.0
8550 -0.0
8551 -0.0
8552 -0.0
8554 -0.0
8556 -0.0
8557 -0.0
8561 -0.0
8562 -0.0
8564 -0.0
8565 -0.0
8566 0.87332906456
8568 -0.0
8569 -0.0
8571 -0.0
8573 -0.0
8574 -0.0
8576 -0.0
8578 -0.0
8582 -0.0
8583 -0.0
8584 -0.0
8586 -0.0
8589 -0.0
8590 -0.0
8593 -0.0
8594 -0.0
8599 -0.0
8600 -0.0
8601 -0.0
8602 -0.0
8603 -0.0
8606 -0.0
8608 -0.0
8609 -0.0
8610 -0.0
8617 -0.0
8618 -0.0
8619 -0.0
8622 -0.0
8623 -0.0
8624 -0.0
8627 -0.0
8628 -0.0
8629 0.343608340929
8630 -0.0
8631 -0.0
8632 -0.0
8635 -0.0
8637 -0.0
8640 -0.0
8642 -0.0
8643 0.177375627966
8646 -0.0
8647 -0.0
8648 -0.0
8649 -0.0
8651 -0.0
8652 -0.0
8653 -0.0
8654 0.276474797156
8655 -0.0
8656 -0.0
8657 -0.0
8658 -0.0
8659 -0.0
8660 -0.0
8661 -0.0
8663 -0.0
8665 -0.0
8667 -0.0
8668 -0.0
8669 -0.0
8670 1.76712403563
8672 -0.0
8673 -0.0
8674 -0.0
8675 -0.0
8677 -0.0
8678 -0.0
8679 -0.0
8680 -0.0
8681 -0.0
8682 -0.0
8683 -0.0
8684 -0.0
8685 -0.0
8688 -0.0
8694 -0.0
8695 -0.0
8696 -0.0
8697 -0.0
8698 -0.0
8699 -0.0
8700 -0.0
8701 -0.0
8709 -0.0
8712 -0.0
8714 -0.0
8716 -0.0
8718 -0.0
8719 -0.0
8720 -0.0
8721 -0.0
8723 -0.0
8724 -0.0
8725 -0.0
8726 -0.0
8727 -0.0
8731 -0.0
8732 -0.0
8735 -0.0
8737 0.00170904992567
8741 -0.0
8747 -0.0
8748 -0.0
8749 -0.0
8750 -0.0
8751 -0.0
8752 -0.0
8753 -0.0
8756 -0.0
8757 -0.0
8758 -0.0
8759 -0.0
8761 -0.0
8762 -0.0
8763 0.836855627269
8766 -0.0
8767 -0.0
8769 -0.0
8770 -0.0
8772 -0.0
8774 -0.0
8775 -0.0
8777 -0.0
8779 -0.0
8780 -0.0
8781 -0.0
8782 -0.0
8783 -0.0
8784 0.186195784075
8785 -0.0
8787 -0.0
8788 -0.0
8789 0.136789119002
8790 -0.0
8791 -0.0
8792 0.300332731323
8796 -0.0
8798 -0.0
8800 -0.0
8802 -0.0
8803 -0.0
8805 1.03539396834
8806 -0.0
8807 -0.0
8808 -0.0
8810 -0.0
8811 0.0713565987542
8812 -0.0
8813 -0.0
8815 -0.0
8816 -0.0
8818 -0.0
8825 -0.0
8827 -0.0
8829 -0.0
8831 -0.0
8832 -0.0
8833 -0.0
8834 0.207391917655
8835 -0.0
8836 -0.0
8838 -0.0
8839 -0.0
8840 -0.0
8841 -0.0
8844 -0.0
8845 -0.0
8846 -0.0
8849 -0.0
8851 0.113595973171
8853 -0.0
8855 4.54902828506
8859 -0.0
8860 -0.0
8861 -0.0
8864 -0.0
8865 -0.0
8869 -0.0
8870 -0.0
8872 -0.0
8873 -0.0
8875 -0.0
8877 -0.0
8880 -0.0
8882 -0.0
8883 -0.0
8887 -0.0
8888 -0.0
8891 -0.0
8892 -0.0
8893 -0.0
8894 -0.0
8895 -0.0
8897 -0.0
8898 -0.0
8902 -0.0
8903 -0.0
8905 -0.0
8906 -0.0
8907 -0.0
8909 -0.0
8911 0.0546538421092
8912 -0.0
8913 -0.0
8914 0.378990506861
8915 -0.0
8917 -0.0
8918 -0.0
8920 -0.0
8921 0.0846043863828
8922 -0.0
8923 -0.0
8924 -0.0
8926 -0.0
8927 -0.0
8928 -0.0
8929 -0.0
8930 -0.0
8932 1.03577172879
8933 0.410247047966
8934 -0.0
8935 -0.0
8936 -0.0
8937 -0.0
8938 -0.0
8939 -0.0
8940 -0.0
8941 -0.0
8942 -0.0
8944 -0.0
8945 -0.0
8947 -0.0
8948 -0.0
8949 -0.0
8950 -0.0
8951 0.1339127188
8952 -0.0
8953 -0.0
8954 -0.0
8955 -0.0
8956 -0.0
8958 -0.0
8960 -0.0
8961 -0.0
8963 -0.0
8964 -0.0
8965 -0.0
8966 -0.0
8968 -0.0
8969 -0.0
8970 -0.0
8972 -0.0
8974 -0.0
8975 -0.0
8977 -0.0
8978 0.165087925066
8980 -0.0
8981 -0.0
8982 -0.0
8983 -0.0
8984 -0.0
8985 -0.0
8988 -0.0
8989 -0.0
8991 0.201477521407
8992 -0.0
8994 0.0382697888057
8995 -0.0
8996 -0.0
8997 -0.0
8999 -0.0
9002 -0.0
9003 -0.0
9005 -0.0
9006 -0.0
9007 -0.0
9008 -0.0
9011 -0.0
9012 -0.0
9014 -0.0
9015 -0.0
9016 -0.0
9018 -0.0
9020 -0.0
9024 -0.0
9026 -0.0
9027 -0.0
9028 -0.0
9029 -0.0
9032 -0.0
9034 -0.0
9036 -0.0
9038 -0.0
9039 -0.0
9040 -0.0
9041 -0.0
9043 -0.0
9045 0.354914783531
9046 -0.0
9047 -0.0
9053 -0.0
9054 -0.0
9056 -0.0
9057 -0.0
9058 -0.0
9059 -0.0
9060 -0.0
9061 -0.0
9062 -0.0
9063 -0.0
9066 -0.0
9067 -0.0
9068 -0.0
9069 -0.0
9070 -0.0
9071 -0.0
9072 -0.0
9073 0.0478220073202
9074 -0.0
9075 -0.0
9077 0.239793133968
9079 -0.0
9080 -0.0
9081 -0.0
9082 -0.0
9083 -0.0
9084 -0.0
9086 -0.0
9087 -0.0
9089 -0.0
9090 -0.0
9091 -0.0
9093 -0.0
9095 -0.0
9096 -0.0
9097 -0.0
9098 -0.0
9099 -0.0
9101 -0.0
9102 -0.0
9104 -0.0
9105 -0.0
9106 -0.0
9107 -0.0
9108 -0.0
9109 -0.0
9114 -0.0
9115 -0.0
9116 -0.0
9117 -0.0
9118 -0.0
9121 1.24420766812
9122 -0.0
9124 -0.0
9125 -0.0
9127 -0.0
9128 -0.0
9129 -0.0
9131 1.38429776669
9132 -0.0
9135 -0.0
9137 -0.0
9138 -0.0
9139 -0.0
9140 -0.0
9141 -0.0
9142 -0.0
9143 -0.0
9144 -0.0
9149 -0.0
9151 -0.0
9153 -0.0
9156 -0.0
9158 -0.0
9161 0.184528646934
9162 -0.0
9163 -0.0
9165 -0.0
9167 -0.0
9168 -0.0
9170 -0.0
9173 0.00015876364896
9176 -0.0
9177 -0.0
9178 -0.0
9179 -0.0
9180 12.0012468235
9181 -0.0
9184 -0.0
9187 -0.0
9188 -0.0
9189 -0.0
9192 -0.0
9193 0.199621487248
9194 -0.0
9197 -0.0
9198 -0.0
9199 -0.0
9200 -0.0
9201 -0.0
9202 -0.0
9203 -0.0
9205 -0.0
9206 -0.0
9207 -0.0
9210 -0.0
9211 -0.0
9212 -0.0
9213 -0.0
9215 -0.0
9216 -0.0
9218 -0.0
9219 -0.0
9220 -0.0
9222 -0.0
9224 -0.0
9227 0.378368155835
9228 -0.0
9230 -0.0
9233 -0.0
9234 -0.0
9235 -0.0
9236 -0.0
9237 -0.0
9238 -0.0
9240 -0.0
9241 -0.0
9243 -0.0
9244 -0.0
9245 -0.0
9246 -0.0
9247 -0.0
9248 -0.0
9251 -0.0
9252 -0.0
9253 -0.0
9254 -0.0
9256 -0.0
9260 -0.0
9261 0.184528646934
9264 -0.0
9265 -0.0
9267 -0.0
9268 -0.0
9273 0.00387774756988
9274 -0.0
9275 0.229956233284
9277 -0.0
9278 -0.0
9279 -0.0
9281 -0.0
9282 -0.0
9283 -0.0
9284 -0.0
9287 0.0382697888057
9288 -0.0
9290 -0.0
9292 -0.0
9293 -0.0
9298 -0.0
9299 -0.0
9300 -0.0
9301 -0.0
9303 -0.0
9304 -0.0
9306 -0.0
9307 -0.0
9308 -0.0
9309 -0.0
9310 -0.0
9311 -0.0
9313 -0.0
9314 -0.0
9316 -0.0
9317 -0.0
9318 -0.0
9319 -0.0
9321 -0.0
9322 -0.0
9323 -0.0
9324 -0.0
9325 -0.0
9327 -0.0
9331 -0.0
9335 -0.0
9336 0.780958812597
9337 -0.0
9340 -0.0
9341 -0.0
9344 -0.0
9345 -0.0
9346 -0.0
9347 -0.0
9348 -0.0
9351 -0.0
9353 -0.0
9355 -0.0
9358 -0.0
9360 -0.0
9361 -0.0
9364 -0.0
9368 -0.0
9369 -0.0
9372 -0.0
9375 0.165837151744
9376 -0.0
9377 -0.0
9379 0.106090225878
9380 -0.0
9381 -0.0
9386 -0.0
9391 -0.0
9392 -0.0
9394 -0.0
9396 -0.0
9397 -0.0
9398 -0.0
9399 -0.0
9400 -0.0
9405 0.166280137512
9406 -0.0
9409 -0.0
9410 12.0012468235
9412 -0.0
9413 -0.0
9414 -0.0
9415 -0.0
9417 -0.0
9418 -0.0
9419 -0.0
9421 -0.0
9422 -0.0
9423 -0.0
9428 -0.0
9429 -0.0
9430 1.31368045224
9431 -0.0
9433 -0.0
9434 -0.0
9435 -0.0
9436 -0.0
9439 -0.0
9440 -0.0
9441 -0.0
9444 -0.0
9445 0.0331248587756
9449 -0.0
9451 -0.0
9452 -0.0
9453 -0.0
9456 -0.0
9457 0.434613628246
9462 -0.0
9463 -0.0
9464 -0.0
9465 -0.0
9466 -0.0
9467 -0.0
9469 -0.0
9470 -0.0
9471 -0.0
9472 -0.0
9473 -0.0
9474 -0.0
9477 -0.0
9479 -0.0
9480 -0.0
9481 -0.0
9482 -0.0
9483 -0.0
9484 -0.0
9485 -0.0
9486 -0.0
9487 -0.0
9489 -0.0
9490 -0.0
9491 -0.0
9493 -0.0
9494 -0.0
9495 -0.0
9496 -0.0
9499 -0.0
9500 -0.0
9501 -0.0
9504 -0.0
9508 -0.0
9510 0.157072394489
9512 -0.0
9514 -0.0
9516 -0.0
9517 -0.0
9519 -0.0
9521 -0.0
9522 -0.0
9523 -0.0
9524 -0.0
9525 -0.0
9526 0.779255326291
9528 -0.0
9529 -0.0
9531 -0.0
9532 -0.0
9533 -0.0
9534 -0.0
9535 -0.0
9537 -0.0
9538 -0.0
9539 -0.0
9541 -0.0
9542 -0.0
9543 -0.0
9547 -0.0
9548 -0.0
9549 -0.0
9554 -0.0
9555 -0.0
9557 -0.0
9558 -0.0
9559 -0.0
9560 -0.0
9561 -0.0
9565 -0.0
9566 -0.0
9567 -0.0
9569 -0.0
9570 -0.0
9571 -0.0
9574 -0.0
9575 -0.0
9576 -0.0
9577 0.184528646934
9580 0.0611369276767
9584 -0.0
9585 -0.0
9590 -0.0
9592 -0.0
9593 -0.0
9597 -0.0
9605 -0.0
9606 -0.0
9607 -0.0
9608 -0.0
9609 -0.0
9610 -0.0
9611 -0.0
9613 -0.0
9615 -0.0
9616 -0.0
9618 -0.0
9621 -0.0
9622 -0.0
9623 -0.0
9624 -0.0
9625 -0.0
9626 -0.0
9627 -0.0
9628 -0.0
9630 0.0763210755177
9631 -0.0
9632 -0.0
9633 -0.0
9634 -0.0
9639 -0.0
9640 -0.0
9641 -0.0
9642 -0.0
9643 -0.0
9645 -0.0
9646 -0.0
9649 -0.0
9650 -0.0
9652 -0.0
9655 -0.0
9656 -0.0
9657 -0.0
9660 -0.0
9662 -0.0
9664 -0.0
9665 -0.0
9668 -0.0
9669 -0.0
9670 -0.0
9671 -0.0
9672 -0.0
9673 -0.0
9675 -0.0
9676 -0.0
9677 -0.0
9678 -0.0
9679 -0.0
9680 -0.0
9682 -0.0
9683 -0.0
9685 -0.0
9687 -0.0
9688 -0.0
9689 0.580863578159
9690 -0.0
9691 -0.0
9692 -0.0
9694 -0.0
9696 -0.0
9699 -0.0
9702 -0.0
9705 -0.0
9707 -0.0
9708 -0.0
9709 0.241310910903
9710 -0.0
9712 -0.0
9713 1.20010748917
9714 -0.0
9716 -0.0
9718 -0.0
9719 -0.0
9722 -0.0
9723 -0.0
9724 -0.0
9725 -0.0
9726 -0.0
9733 -0.0
9734 -0.0
9736 -0.0
9737 -0.0
9738 -0.0
9740 -0.0
9742 -0.0
9743 -0.0
9746 -0.0
9748 -0.0
9749 -0.0
9750 -0.0
9752 -0.0
9754 -0.0
9756 -0.0
9757 -0.0
9759 -0.0
9760 0.0664836083098
9761 -0.0
9762 -0.0
9763 -0.0
9765 -0.0
9766 -0.0
9767 -0.0
9769 -0.0
9770 -0.0
9774 -0.0
9775 -0.0
9779 -0.0
9781 -0.0
9783 -0.0
9784 -0.0
9785 -0.0
9788 -0.0
9789 -0.0
9792 -0.0
9795 0.633438464238
9796 -0.0
9798 0.0382697888057
9799 -0.0
9800 -0.0
9801 -0.0
9803 -0.0
9804 -0.0
9805 -0.0
9807 -0.0
9808 -0.0
9809 -0.0
9812 -0.0
9813 -0.0
9814 -0.0
9815 -0.0
9816 1.03456930783
9818 -0.0
9819 -0.0
9822 -0.0
9825 -0.0
9827 -0.0
9829 -0.0
9831 0.620253702173
9832 -0.0
9833 -0.0
9834 -0.0
9835 -0.0
9836 -0.0
9837 -0.0
9838 -0.0
9839 -0.0
9840 -0.0
9842 -0.0
9843 -0.0
9845 -0.0
9846 -0.0
9849 -0.0
9850 -0.0
9852 1.10445149368
9853 0.0567540131853
9854 -0.0
9857 0.209032537402
9859 -0.0
