0 9,0.125
0 11,0.16666666666666666
0 12,0.125
0 13,0.125
0 15,0.041666666666666664
0 16,0.16666666666666666
0 21,0.041666666666666664
0 22,0.16666666666666666
0 52,0.041666666666666664
1 2,0.056666666666666664
1 17,0.11
1 18,0.0033333333333333335
1 19,0.09333333333333334
1 57,0.12
1 73,0.07666666666666666
1 74,0.07666666666666666
1 75,0.08
1 85,0.12333333333333334
1 86,0.02
1 87,0.15333333333333332
1 88,0.013333333333333334
1 92,0.013333333333333334
1 101,0.02
1 117,0.006666666666666667
1 137,0.03
1 144,0.0033333333333333335
2 1,0.14912280701754385
2 17,0.13157894736842105
2 19,0.11403508771929824
2 57,0.11403508771929824
2 74,0.07894736842105263
2 75,0.07894736842105263
2 85,0.13157894736842105
2 87,0.14912280701754385
2 88,0.017543859649122806
2 101,0.017543859649122806
2 137,0.017543859649122806
3 4,0.16666666666666666
3 46,0.16666666666666666
3 172,0.16666666666666666
3 173,0.16666666666666666
3 174,0.08333333333333333
3 175,0.08333333333333333
3 176,0.08333333333333333
3 177,0.08333333333333333
4 3,0.16666666666666666
4 46,0.16666666666666666
4 172,0.16666666666666666
4 173,0.16666666666666666
4 174,0.08333333333333333
4 175,0.08333333333333333
4 176,0.08333333333333333
4 177,0.08333333333333333
5 6,0.027624309392265192
5 8,0.11694290976058933
5 10,0.0009208103130755065
5 25,0.00046040515653775324
5 26,0.12476979742173112
5 30,0.10957642725598526
5 32,0.00046040515653775324
5 47,0.0032228360957642726
5 53,0.0009208103130755065
5 56,0.10313075506445672
5 60,0.005985267034990792
5 61,0.0032228360957642726
5 72,0.0032228360957642726
5 76,0.00046040515653775324
5 78,0.00046040515653775324
5 79,0.03591160220994475
5 80,0.10497237569060773
5 82,0.09806629834254144
5 83,0.00046040515653775324
5 84,0.10313075506445672
5 93,0.011970534069981584
5 105,0.005985267034990792
5 106,0.0027624309392265192
5 107,0.014732965009208104
5 109,0.0501841620626151
5 111,0.00046040515653775324
5 113,0.011970534069981584
5 114,0.011970534069981584
5 115,0.00046040515653775324
5 124,0.00046040515653775324
5 125,0.00046040515653775324
5 126,0.0032228360957642726
5 127,0.0009208103130755065
5 130,0.0027624309392265192
5 132,0.00046040515653775324
5 135,0.012430939226519336
5 149,0.0032228360957642726
5 150,0.00046040515653775324
5 160,0.011970534069981584
5 164,0.00046040515653775324
5 165,0.00046040515653775324
5 166,0.00046040515653775324
5 167,0.00046040515653775324
5 168,0.0027624309392265192
5 169,0.00046040515653775324
5 171,0.00046040515653775324
5 180,0.0032228360957642726
5 182,0.00046040515653775324
6 5,0.024630541871921183
6 8,0.12807881773399016
6 10,0.009441707717569787
6 26,0.1055008210180624
6 28,0.05993431855500821
6 30,0.053366174055829226
6 33,0.005336617405582923
6 34,0.032430213464696225
6 35,0.03940886699507389
6 36,0.008210180623973728
6 47,0.0012315270935960591
6 54,0.012725779967159278
6 58,0.06896551724137931
6 60,0.0024630541871921183
6 61,0.003284072249589491
6 72,0.00041050903119868636
6 79,0.026272577996715927
6 80,0.06896551724137931
6 81,0.046798029556650245
6 82,0.12931034482758622
6 93,0.008210180623973728
6 105,0.0012315270935960591
6 107,0.030377668308702793
6 108,0.031198686371100164
6 109,0.0665024630541872
6 113,0.006157635467980296
6 114,0.016420361247947456
6 126,0.003284072249589491
6 135,0.0049261083743842365
6 149,0.00041050903119868636
6 160,0.003284072249589491
6 180,0.0012315270935960591
7 20,0.11202185792349727
7 27,0.09836065573770492
7 37,0.10382513661202186
7 38,0.00273224043715847
7 39,0.1284153005464481
7 40,0.00273224043715847
7 42,0.00273224043715847
7 43,0.11475409836065574
7 44,0.12568306010928962
7 55,0.00546448087431694
7 71,0.01092896174863388
7 79,0.08469945355191257
7 100,0.00273224043715847
7 119,0.11748633879781421
7 120,0.05737704918032787
7 122,0.00273224043715847
7 123,0.0273224043715847
8 5,0.020303756994404478
8 6,0.024940047961630695
8 10,0.007913669064748202
8 26,0.09496402877697842
8 28,0.056914468425259795
8 30,0.047322142286171064
8 34,0.025259792166266986
8 35,0.029896083133493206
8 36,0.010231814548361312
8 47,0.0017585931254996002
8 54,0.014788169464428458
8 56,0.0832933653077538
8 58,0.06258992805755395
8 59,0.010951239008792966
8 60,0.0035171862509992004
8 61,0.0031974420463629096
8 72,0.0005595523581135092
8 76,7.993605115907275e-05
8 77,0.0010391686650679456
8 78,0.0001598721023181455
8 79,0.01982414068745004
8 80,0.05603517186250999
8 81,0.046762589928057555
8 82,0.10959232613908873
8 84,0.08337330135891287
8 93,0.007913669064748202
8 106,0.0022382094324540367
8 107,0.02446043165467626
8 108,0.02965627498001599
8 109,0.05363709032773781
8 110,0.0014388489208633094
8 112,0.02182254196642686
8 113,0.007034372501998401
8 114,0.014388489208633094
8 115,7.993605115907275e-05
8 124,7.993605115907275e-05
8 126,0.003037569944044764
8 128,0.00047961630695443646
8 130,0.007593924860111911
8 132,7.993605115907275e-05
8 134,7.993605115907275e-05
8 135,0.004396482813749001
8 149,0.000639488409272582
8 150,7.993605115907275e-05
8 159,7.993605115907275e-05
8 160,0.003037569944044764
8 164,7.993605115907275e-05
8 165,0.0001598721023181455
8 167,7.993605115907275e-05
8 168,0.0005595523581135092
8 180,0.001518784972022382
8 182,7.993605115907275e-05
9 0,0.16666666666666666
9 11,0.16666666666666666
9 12,0.1111111111111111
9 13,0.1111111111111111
9 15,0.05555555555555555
9 16,0.16666666666666666
9 22,0.16666666666666666
9 52,0.05555555555555555
10 5,0.002506265664160401
10 6,0.02882205513784461
10 8,0.12406015037593984
10 28,0.05137844611528822
10 29,0.0037593984962406013
10 34,0.08020050125313283
10 35,0.042606516290726815
10 54,0.010025062656641603
10 56,0.10401002506265664
10 58,0.11403508771929824
10 80,0.06015037593984962
10 81,0.06516290726817042
10 82,0.12781954887218044
10 84,0.10025062656641603
10 108,0.08145363408521303
10 135,0.0037593984962406013
11 0,0.16666666666666666
11 9,0.125
11 12,0.125
11 13,0.125
11 15,0.041666666666666664
11 16,0.16666666666666666
11 21,0.041666666666666664
11 22,0.16666666666666666
11 52,0.041666666666666664
12 0,0.16666666666666666
12 9,0.1111111111111111
12 11,0.16666666666666666
12 13,0.1111111111111111
12 16,0.16666666666666666
12 21,0.05555555555555555
12 22,0.16666666666666666
12 52,0.05555555555555555
13 0,0.16666666666666666
13 9,0.1111111111111111
13 11,0.16666666666666666
13 12,0.1111111111111111
13 15,0.05555555555555555
13 16,0.16666666666666666
13 21,0.05555555555555555
13 22,0.16666666666666666
14 96,0.07692307692307693
14 138,0.07692307692307693
14 139,0.14102564102564102
14 140,0.14102564102564102
14 143,0.14102564102564102
14 152,0.14102564102564102
14 154,0.14102564102564102
14 158,0.14102564102564102
15 0,0.041666666666666664
15 9,0.041666666666666664
15 11,0.041666666666666664
15 13,0.041666666666666664
15 16,0.041666666666666664
15 22,0.041666666666666664
15 41,0.125
15 44,0.041666666666666664
15 55,0.041666666666666664
15 71,0.125
15 79,0.125
15 100,0.041666666666666664
15 118,0.041666666666666664
15 121,0.041666666666666664
15 122,0.041666666666666664
15 123,0.125
16 0,0.16666666666666666
16 9,0.125
16 11,0.16666666666666666
16 12,0.125
16 13,0.125
16 15,0.041666666666666664
16 21,0.041666666666666664
16 22,0.16666666666666666
16 52,0.041666666666666664
17 1,0.14864864864864866
17 2,0.06756756756756757
17 18,0.0045045045045045045
17 19,0.10810810810810811
17 57,0.1036036036036036
17 73,0.07207207207207207
17 74,0.07657657657657657
17 75,0.07657657657657657
17 85,0.13063063063063063
17 86,0.018018018018018018
17 87,0.14864864864864866
17 88,0.018018018018018018
17 101,0.02702702702702703
18 1,0.16666666666666666
18 17,0.16666666666666666
18 57,0.16666666666666666
18 73,0.16666666666666666
18 85,0.16666666666666666
18 87,0.16666666666666666
19 1,0.14583333333333334
19 2,0.06770833333333333
19 17,0.125
19 57,0.125
19 73,0.078125
19 74,0.078125
19 75,0.078125
19 85,0.11458333333333333
19 87,0.14583333333333334
19 88,0.020833333333333332
19 92,0.010416666666666666
19 117,0.010416666666666666
20 7,0.12202380952380952
20 27,0.10714285714285714
20 37,0.11011904761904762
20 39,0.125
20 43,0.12202380952380952
20 44,0.125
20 79,0.07738095238095238
20 119,0.125
20 120,0.06547619047619048
20 123,0.017857142857142856
20 190,0.002976190476190476
21 0,0.16666666666666666
21 11,0.16666666666666666
21 12,0.16666666666666666
21 13,0.16666666666666666
21 16,0.16666666666666666
21 22,0.16666666666666666
22 0,0.16666666666666666
22 9,0.125
22 11,0.16666666666666666
22 12,0.125
22 13,0.125
22 15,0.041666666666666664
22 16,0.16666666666666666
22 21,0.041666666666666664
22 52,0.041666666666666664
23 62,0.16666666666666666
23 66,0.16666666666666666
23 68,0.16666666666666666
23 70,0.16666666666666666
23 91,0.16666666666666666
23 151,0.16666666666666666
24 65,0.16666666666666666
24 66,0.16666666666666666
24 69,0.08333333333333333
24 70,0.16666666666666666
24 89,0.16666666666666666
24 90,0.08333333333333333
24 91,0.16666666666666666
25 5,0.05555555555555555
25 26,0.16666666666666666
25 28,0.1111111111111111
25 30,0.1111111111111111
25 58,0.05555555555555555
25 79,0.16666666666666666
25 82,0.16666666666666666
25 84,0.16666666666666666
26 5,0.02538879520329773
26 6,0.02407719692711261
26 8,0.11129848229342328
26 25,0.0002810567734682406
26 28,0.06792205358815814
26 29,0.004496908375491849
26 30,0.051901817500468427
26 32,9.368559115608019e-05
26 33,0.003372681281618887
26 34,0.02004871650740116
26 35,0.02819936293798014
26 36,0.012928611579539067
26 47,0.0021547685965898444
26 53,0.00018737118231216038
26 54,0.016863406408094434
26 56,0.08525388795203298
26 58,0.05611766910249204
26 59,0.012179126850290425
26 60,0.004309537193179689
26 61,0.0035600524639310474
26 72,0.0006557991380925614
26 76,9.368559115608019e-05
26 77,0.0006557991380925614
26 78,0.00018737118231216038
26 79,0.0189244894135282
26 80,0.05283867341202923
26 81,0.04571856848416714
26 82,0.10680157391793142
26 83,9.368559115608019e-05
26 84,0.0808506651676972
26 93,0.00927487352445194
26 105,0.0022484541877459247
26 106,0.0026231965523702454
26 107,0.02351508338017613
26 109,0.055930297920179874
26 110,0.0017800262319655237
26 111,0.00037474236462432077
26 112,0.021547685965898445
26 113,0.008431703204047217
26 114,0.012647554806070826
26 115,9.368559115608019e-05
26 124,9.368559115608019e-05
26 125,9.368559115608019e-05
26 126,0.0035600524639310474
26 127,0.00018737118231216038
26 128,0.0002810567734682406
26 130,0.008244332021735057
26 134,9.368559115608019e-05
26 135,0.004403222784335769
26 149,0.0007494847292486415
26 150,9.368559115608019e-05
26 159,9.368559115608019e-05
26 160,0.002997938916994566
26 164,9.368559115608019e-05
26 165,0.00018737118231216038
26 166,9.368559115608019e-05
26 167,9.368559115608019e-05
26 168,0.0006557991380925614
26 169,9.368559115608019e-05
26 171,9.368559115608019e-05
26 180,0.0017800262319655237
26 182,9.368559115608019e-05
27 7,0.12244897959183673
27 20,0.12244897959183673
27 37,0.12244897959183673
27 39,0.12244897959183673
27 43,0.12244897959183673
27 44,0.12244897959183673
27 79,0.07142857142857142
27 119,0.12244897959183673
27 120,0.07142857142857142
28 6,0.022762706579357656
28 8,0.11100717181166199
28 10,0.006392266916120985
28 25,0.0003118178983473651
28 26,0.11303398815091986
28 29,0.00545681322107889
28 30,0.03445587776738385
28 33,0.0029622700342999686
28 34,0.025724976613657625
28 35,0.025413158715310257
28 36,0.014343623323978797
28 54,0.020112254443405052
28 56,0.08185219831618334
28 58,0.07405675085749922
28 59,0.017305893358278764
28 60,0.0026504521359526035
28 61,0.004053632678515747
28 78,0.00015590894917368256
28 79,0.017305893358278764
28 81,0.07280947926410976
28 82,0.11334580604926722
28 84,0.07717492984097288
28 93,0.009510445899594636
28 106,0.0023386342376052385
28 107,0.024165887121920797
28 109,0.060492672279388836
28 112,0.024945431867789213
28 114,0.012004989086373558
28 126,0.004989086373557842
28 129,0.00015590894917368256
28 130,0.012940442781415653
28 135,0.004365450576863112
28 159,0.00015590894917368256
28 160,0.001091362644215778
28 165,0.00015590894917368256
29 10,0.008064516129032258
29 26,0.12903225806451613
29 28,0.09408602150537634
29 35,0.04032258064516129
29 36,0.03225806451612903
29 47,0.002688172043010753
29 56,0.13709677419354838
29 58,0.12903225806451613
29 59,0.06182795698924731
29 60,0.005376344086021506
29 80,0.04032258064516129
29 81,0.06989247311827956
29 82,0.12365591397849462
29 109,0.11021505376344086
29 110,0.002688172043010753
29 111,0.005376344086021506
29 113,0.005376344086021506
29 135,0.002688172043010753
30 5,0.0460170146945089
30 6,0.025135344160866203
30 8,0.11446249033255994
30 25,0.0003866976024748647
30 26,0.10711523588553751
30 28,0.04273008507347254
30 32,0.00019334880123743234
30 33,0.00580046403712297
30 35,0.04891724671307038
30 36,0.014501160092807424
30 47,0.0013534416086620263
30 53,0.0003866976024748647
30 56,0.088553750966744
30 59,0.008700696055684454
30 60,0.0027068832173240526
30 72,0.0013534416086620263
30 76,0.00019334880123743234
30 77,0.0025135344160866204
30 79,0.025135344160866203
30 80,0.07869296210363495
30 82,0.10672853828306264
30 83,0.00019334880123743234
30 84,0.08700696055684455
30 93,0.006573859242072699
30 105,0.0038669760247486465
30 106,0.004640371229698376
30 107,0.02088167053364269
30 108,0.02320185614849188
30 109,0.058004640371229696
30 110,0.0007733952049497294
30 111,0.0003866976024748647
30 112,0.01894818252126837
30 113,0.01082753286929621
30 114,0.018561484918793503
30 115,0.00019334880123743234
30 124,0.00019334880123743234
30 125,0.00019334880123743234
30 126,0.0025135344160866204
30 127,0.0003866976024748647
30 128,0.0003866976024748647
30 130,0.006187161639597835
30 132,0.00019334880123743234
30 134,0.00019334880123743234
30 135,0.010054137664346482
30 149,0.0013534416086620263
30 159,0.00019334880123743234
30 164,0.00019334880123743234
30 165,0.0003866976024748647
30 166,0.00019334880123743234
30 167,0.00019334880123743234
30 168,0.001160092807424594
30 169,0.00019334880123743234
30 171,0.00019334880123743234
31 95,0.125
31 96,0.14583333333333334
31 97,0.14583333333333334
31 98,0.14583333333333334
31 139,0.14583333333333334
31 140,0.125
31 162,0.020833333333333332
31 163,0.14583333333333334
32 5,0.16666666666666666
32 26,0.16666666666666666
32 30,0.16666666666666666
32 53,0.16666666666666666
32 56,0.16666666666666666
32 84,0.16666666666666666
33 6,0.051587301587301584
33 26,0.14285714285714285
33 28,0.07539682539682539
33 30,0.11904761904761904
33 34,0.023809523809523808
33 35,0.11904761904761904
33 56,0.05555555555555555
33 80,0.07936507936507936
33 82,0.1388888888888889
33 109,0.1388888888888889
33 111,0.003968253968253968
33 112,0.051587301587301584
34 6,0.0284992784992785
34 8,0.113997113997114
34 10,0.023088023088023088
34 26,0.0772005772005772
34 28,0.05952380952380952
34 33,0.0021645021645021645
34 56,0.07864357864357864
34 58,0.10678210678210678
34 80,0.046897546897546896
34 81,0.08152958152958154
34 82,0.11363636363636363
34 84,0.07792207792207792
34 105,0.0007215007215007215
34 106,0.0007215007215007215
34 107,0.05411255411255411
34 108,0.045093795093795096
34 109,0.05555555555555555
34 110,0.0021645021645021645
34 112,0.023448773448773448
34 113,0.005411255411255411
34 129,0.00036075036075036075
34 180,0.0025252525252525255
35 6,0.027874564459930314
35 8,0.10859465737514518
35 10,0.009872241579558653
35 26,0.08739837398373984
35 28,0.04732868757259001
35 29,0.004355400696864111
35 30,0.07346109175377467
35 33,0.008710801393728223
35 56,0.07926829268292683
35 58,0.06504065040650407
35 80,0.08710801393728224
35 82,0.11498257839721254
35 84,0.07259001161440186
35 105,0.0023228803716608595
35 106,0.003774680603948897
35 107,0.040360046457607435
35 108,0.04384436701509872
35 109,0.047619047619047616
35 110,0.0005807200929152149
35 111,0.0005807200929152149
35 112,0.026713124274099883
35 113,0.009291521486643438
35 114,0.03832752613240418
36 6,0.018018018018018018
36 8,0.11531531531531532
36 26,0.12432432432432433
36 28,0.08288288288288288
36 29,0.010810810810810811
36 30,0.06756756756756757
36 56,0.08828828828828829
36 58,0.07567567567567568
36 80,0.05405405405405406
36 82,0.12072072072072072
36 84,0.08018018018018018
36 109,0.0918918918918919
36 110,0.0018018018018018018
36 111,0.0009009009009009009
36 112,0.026126126126126126
36 130,0.04054054054054054
36 159,0.0009009009009009009
37 7,0.12179487179487179
37 20,0.11858974358974358
37 27,0.11538461538461539
37 38,0.003205128205128205
37 39,0.125
37 40,0.003205128205128205
37 42,0.003205128205128205
37 43,0.11538461538461539
37 44,0.125
37 71,0.003205128205128205
37 79,0.07051282051282051
37 119,0.12179487179487179
37 120,0.07051282051282051
37 190,0.003205128205128205
38 7,0.16666666666666666
38 37,0.16666666666666666
38 39,0.16666666666666666
38 40,0.16666666666666666
38 42,0.16666666666666666
38 44,0.16666666666666666
39 7,0.12634408602150538
39 20,0.11290322580645161
39 27,0.0967741935483871
39 37,0.10483870967741936
39 38,0.002688172043010753
39 40,0.002688172043010753
39 42,0.002688172043010753
39 43,0.11290322580645161
39 44,0.12634408602150538
39 55,0.005376344086021506
39 71,0.010752688172043012
39 79,0.08333333333333333
39 100,0.002688172043010753
39 119,0.11827956989247312
39 120,0.05913978494623656
39 122,0.002688172043010753
39 123,0.026881720430107527
39 190,0.002688172043010753
40 7,0.16666666666666666
40 37,0.16666666666666666
40 38,0.16666666666666666
40 39,0.16666666666666666
40 42,0.16666666666666666
40 44,0.16666666666666666
41 15,0.16666666666666666
41 44,0.05555555555555555
41 55,0.05555555555555555
41 71,0.16666666666666666
41 79,0.16666666666666666
41 100,0.05555555555555555
41 118,0.05555555555555555
41 121,0.05555555555555555
41 122,0.05555555555555555
41 123,0.16666666666666666
42 7,0.16666666666666666
42 37,0.16666666666666666
42 38,0.16666666666666666
42 39,0.16666666666666666
42 40,0.16666666666666666
42 44,0.16666666666666666
43 7,0.125
43 20,0.12202380952380952
43 27,0.10714285714285714
43 37,0.10714285714285714
43 39,0.125
43 44,0.125
43 55,0.002976190476190476
43 79,0.08035714285714286
43 119,0.12202380952380952
43 120,0.0625
43 123,0.020833333333333332
44 7,0.12365591397849462
44 15,0.002688172043010753
44 20,0.11290322580645161
44 27,0.0967741935483871
44 37,0.10483870967741936
44 38,0.002688172043010753
44 39,0.12634408602150538
44 40,0.002688172043010753
44 41,0.002688172043010753
44 42,0.002688172043010753
44 43,0.11290322580645161
44 55,0.008064516129032258
44 71,0.010752688172043012
44 79,0.08333333333333333
44 119,0.11827956989247312
44 120,0.05913978494623656
44 123,0.026881720430107527
44 190,0.002688172043010753
45 48,0.16666666666666666
45 49,0.16666666666666666
45 50,0.16666666666666666
45 51,0.16666666666666666
45 133,0.16666666666666666
45 161,0.16666666666666666
46 3,0.16666666666666666
46 4,0.16666666666666666
46 172,0.16666666666666666
46 173,0.16666666666666666
46 174,0.08333333333333333
46 175,0.08333333333333333
46 176,0.08333333333333333
46 177,0.08333333333333333
47 5,0.04487179487179487
47 6,0.019230769230769232
47 8,0.14102564102564102
47 26,0.14743589743589744
47 29,0.00641025641025641
47 30,0.04487179487179487
47 54,0.05128205128205128
47 56,0.11538461538461539
47 58,0.057692307692307696
47 60,0.14743589743589744
47 81,0.10256410256410256
47 84,0.10897435897435898
47 112,0.01282051282051282
48 45,0.16666666666666666
48 49,0.16666666666666666
48 50,0.16666666666666666
48 51,0.16666666666666666
48 133,0.16666666666666666
48 161,0.16666666666666666
49 45,0.16666666666666666
49 48,0.16666666666666666
49 50,0.16666666666666666
49 51,0.16666666666666666
49 133,0.16666666666666666
49 161,0.16666666666666666
50 45,0.16666666666666666
50 48,0.16666666666666666
50 49,0.16666666666666666
50 51,0.16666666666666666
50 133,0.16666666666666666
50 161,0.16666666666666666
51 45,0.16666666666666666
51 48,0.16666666666666666
51 49,0.16666666666666666
51 50,0.16666666666666666
51 133,0.16666666666666666
51 161,0.16666666666666666
52 0,0.16666666666666666
52 9,0.16666666666666666
52 11,0.16666666666666666
52 12,0.16666666666666666
52 16,0.16666666666666666
52 22,0.16666666666666666
53 5,0.16666666666666666
53 26,0.16666666666666666
53 30,0.16666666666666666
53 32,0.08333333333333333
53 56,0.16666666666666666
53 83,0.08333333333333333
53 84,0.16666666666666666
54 6,0.021892655367231638
54 8,0.1306497175141243
54 10,0.005649717514124294
54 26,0.1271186440677966
54 28,0.09110169491525423
54 47,0.005649717514124294
54 56,0.096045197740113
54 60,0.011299435028248588
54 61,0.022598870056497175
54 80,0.033192090395480225
54 81,0.1016949152542373
54 82,0.11652542372881355
54 84,0.096045197740113
54 93,0.026836158192090395
54 105,0.0014124293785310734
54 106,0.0014124293785310734
54 107,0.02824858757062147
54 109,0.026836158192090395
54 110,0.0007062146892655367
54 112,0.01977401129943503
54 113,0.01059322033898305
54 130,0.018361581920903956
54 149,0.0007062146892655367
54 168,0.0007062146892655367
54 180,0.0049435028248587575
55 7,0.1111111111111111
55 15,0.05555555555555555
55 39,0.1111111111111111
55 41,0.05555555555555555
55 43,0.05555555555555555
55 44,0.16666666666666666
55 71,0.1111111111111111
55 79,0.16666666666666666
55 123,0.16666666666666666
56 5,0.023450586264656615
56 8,0.10908710217755443
56 10,0.0086892797319933
56 26,0.09526800670016751
56 28,0.05496231155778895
56 29,0.005339195979899497
56 30,0.04794807370184254
56 32,0.00010469011725293132
56 33,0.0014656616415410384
56 34,0.022822445561139028
56 35,0.02858040201005025
56 36,0.01025963149078727
56 47,0.0018844221105527637
56 53,0.00020938023450586265
56 54,0.01423785594639866
56 58,0.05956867671691792
56 59,0.013295644891122277
56 60,0.0037688442211055275
56 61,0.003454773869346734
56 72,0.000628140703517588
56 76,0.00010469011725293132
56 77,0.0011515912897822446
56 78,0.00020938023450586265
56 79,0.017902010050251257
56 80,0.0557998324958124
56 81,0.04501675041876047
56 82,0.10343383584589615
56 83,0.00010469011725293132
56 84,0.1115996649916248
56 93,0.007223618090452261
56 105,0.0020938023450586263
56 106,0.0026172529313232833
56 107,0.02229899497487437
56 108,0.02680067001675042
56 109,0.051926298157453935
56 110,0.0019891122278056952
56 111,0.0004187604690117253
56 113,0.006909547738693468
56 114,0.01256281407035176
56 115,0.00010469011725293132
56 125,0.00010469011725293132
56 126,0.003245393634840871
56 127,0.00020938023450586265
56 128,0.000628140703517588
56 129,0.00010469011725293132
56 130,0.008061139028475712
56 132,0.00010469011725293132
56 134,0.00010469011725293132
56 135,0.004815745393634841
56 149,0.0007328308207705192
56 150,0.00010469011725293132
56 160,0.003245393634840871
56 164,0.00010469011725293132
56 165,0.00020938023450586265
56 166,0.00010469011725293132
56 167,0.00010469011725293132
56 168,0.0007328308207705192
56 169,0.00010469011725293132
56 171,0.00010469011725293132
56 180,0.0016750418760469012
56 182,0.00010469011725293132
57 1,0.15
57 2,0.05416666666666667
57 17,0.09583333333333334
57 18,0.004166666666666667
57 19,0.1
57 73,0.07916666666666666
57 74,0.075
57 75,0.07916666666666666
57 85,0.12916666666666668
57 86,0.016666666666666666
57 87,0.15
57 92,0.016666666666666666
57 117,0.008333333333333333
57 137,0.0375
57 144,0.004166666666666667
58 6,0.023809523809523808
58 8,0.11096938775510204
58 10,0.012896825396825396
58 25,0.0001417233560090703
58 26,0.08489229024943311
58 28,0.06731859410430839
58 29,0.006802721088435374
58 34,0.04195011337868481
58 35,0.031746031746031744
58 36,0.011904761904761904
58 47,0.0012755102040816326
58 56,0.080640589569161
58 59,0.015731292517006803
58 60,0.002551020408163265
58 79,0.021116780045351474
58 80,0.044359410430839005
58 81,0.06816893424036281
58 82,0.11153628117913832
58 84,0.07539682539682539
58 93,0.005385487528344671
58 107,0.028769841269841268
58 108,0.03854875283446712
58 109,0.060515873015873016
58 110,0.001984126984126984
58 111,0.0002834467120181406
58 112,0.02465986394557823
58 114,0.015022675736961451
58 126,0.0036848072562358277
58 128,0.0005668934240362812
58 129,0.0001417233560090703
58 130,0.007227891156462585
59 8,0.10719874804381847
59 26,0.10172143974960876
59 28,0.08685446009389672
59 29,0.017996870109546165
59 30,0.035211267605633804
59 56,0.09937402190923318
59 58,0.08685446009389672
59 81,0.09233176838810642
59 82,0.11032863849765258
59 84,0.08607198748043818
59 106,0.005477308294209703
59 108,0.025039123630672927
59 109,0.10093896713615023
59 110,0.006259780907668232
59 112,0.027386541471048513
59 113,0.010954616588419406
60 5,0.041666666666666664
60 6,0.019230769230769232
60 8,0.14102564102564102
60 26,0.14743589743589744
60 28,0.05448717948717949
60 29,0.00641025641025641
60 30,0.04487179487179487
60 47,0.07371794871794872
60 54,0.05128205128205128
60 56,0.11538461538461539
60 58,0.057692307692307696
60 80,0.028846153846153848
60 81,0.09615384615384616
60 84,0.10897435897435898
60 112,0.01282051282051282
61 5,0.023333333333333334
61 6,0.02666666666666667
61 8,0.13333333333333333
61 26,0.12666666666666668
61 28,0.08666666666666667
61 54,0.10666666666666667
61 56,0.11
61 80,0.04666666666666667
61 81,0.09
61 82,0.13333333333333333
61 84,0.11
61 108,0.006666666666666667
62 23,0.010416666666666666
62 63,0.010416666666666666
62 64,0.03125
62 65,0.09375
62 66,0.13541666666666666
62 67,0.020833333333333332
62 68,0.052083333333333336
62 69,0.052083333333333336
62 70,0.14583333333333334
62 89,0.11458333333333333
62 90,0.052083333333333336
62 91,0.15625
62 151,0.0625
62 178,0.0625
63 62,0.16666666666666666
63 65,0.16666666666666666
63 66,0.16666666666666666
63 68,0.16666666666666666
63 69,0.16666666666666666
63 70,0.16666666666666666
64 62,0.16666666666666666
64 69,0.05555555555555555
64 70,0.16666666666666666
64 89,0.16666666666666666
64 90,0.05555555555555555
64 91,0.16666666666666666
64 151,0.05555555555555555
64 178,0.16666666666666666
65 24,0.030303030303030304
65 62,0.13636363636363635
65 63,0.015151515151515152
65 66,0.16666666666666666
65 67,0.030303030303030304
65 68,0.06060606060606061
65 69,0.06060606060606061
65 70,0.13636363636363635
65 89,0.10606060606060606
65 90,0.06060606060606061
65 91,0.15151515151515152
65 151,0.045454545454545456
66 23,0.011111111111111112
66 24,0.022222222222222223
66 62,0.14444444444444443
66 63,0.011111111111111112
66 65,0.12222222222222222
66 67,0.022222222222222223
66 68,0.05555555555555555
66 69,0.05555555555555555
66 70,0.14444444444444443
66 89,0.1111111111111111
66 90,0.05555555555555555
66 91,0.15555555555555556
66 151,0.05555555555555555
66 178,0.03333333333333333
67 62,0.16666666666666666
67 65,0.16666666666666666
67 66,0.16666666666666666
67 89,0.16666666666666666
67 90,0.08333333333333333
67 91,0.16666666666666666
67 151,0.08333333333333333
68 23,0.03333333333333333
68 62,0.16666666666666666
68 63,0.03333333333333333
68 65,0.13333333333333333
68 66,0.16666666666666666
68 69,0.06666666666666667
68 70,0.16666666666666666
68 90,0.03333333333333333
68 91,0.13333333333333333
68 151,0.06666666666666667
69 24,0.027777777777777776
69 62,0.1388888888888889
69 63,0.027777777777777776
69 64,0.027777777777777776
69 65,0.1111111111111111
69 66,0.1388888888888889
69 68,0.05555555555555555
69 70,0.16666666666666666
69 89,0.1111111111111111
69 91,0.1388888888888889
69 178,0.05555555555555555
70 23,0.010416666666666666
70 24,0.020833333333333332
70 62,0.14583333333333334
70 63,0.010416666666666666
70 64,0.03125
70 65,0.09375
70 66,0.13541666666666666
70 68,0.052083333333333336
70 69,0.0625
70 89,0.11458333333333333
70 90,0.052083333333333336
70 91,0.15625
70 151,0.052083333333333336
70 178,0.0625
71 7,0.09523809523809523
71 15,0.07142857142857142
71 37,0.023809523809523808
71 39,0.09523809523809523
71 41,0.07142857142857142
71 44,0.09523809523809523
71 55,0.047619047619047616
71 79,0.16666666666666666
71 100,0.047619047619047616
71 118,0.023809523809523808
71 119,0.047619047619047616
71 121,0.023809523809523808
71 122,0.047619047619047616
71 123,0.14285714285714285
72 5,0.14583333333333334
72 6,0.020833333333333332
72 8,0.14583333333333334
72 26,0.14583333333333334
72 30,0.14583333333333334
72 56,0.125
72 80,0.14583333333333334
72 84,0.125
73 1,0.15333333333333332
73 17,0.10666666666666667
73 18,0.006666666666666667
73 19,0.1
73 57,0.12666666666666668
73 74,0.07333333333333333
73 75,0.08
73 85,0.10666666666666667
73 87,0.15333333333333332
73 88,0.013333333333333334
73 92,0.02666666666666667
73 101,0.013333333333333334
73 137,0.03333333333333333
73 144,0.006666666666666667
74 1,0.15333333333333332
74 2,0.06
74 17,0.11333333333333333
74 19,0.1
74 57,0.12
74 73,0.07333333333333333
74 85,0.12666666666666668
74 86,0.02
74 87,0.15333333333333332
74 88,0.013333333333333334
74 92,0.013333333333333334
74 101,0.02
74 117,0.006666666666666667
74 137,0.02666666666666667
75 1,0.15384615384615385
75 2,0.057692307692307696
75 17,0.10897435897435898
75 19,0.09615384615384616
75 57,0.12179487179487179
75 73,0.07692307692307693
75 85,0.12179487179487179
75 86,0.019230769230769232
75 87,0.15384615384615385
75 88,0.01282051282051282
75 92,0.01282051282051282
75 101,0.019230769230769232
75 117,0.00641025641025641
75 137,0.03205128205128205
75 144,0.00641025641025641
76 5,0.16666666666666666
76 8,0.16666666666666666
76 26,0.16666666666666666
76 30,0.16666666666666666
76 56,0.16666666666666666
76 84,0.16666666666666666
77 8,0.14444444444444443
77 26,0.07777777777777778
77 30,0.14444444444444443
77 56,0.12222222222222222
77 80,0.14444444444444443
77 82,0.14444444444444443
77 84,0.12222222222222222
77 108,0.07777777777777778
77 112,0.022222222222222223
78 5,0.08333333333333333
78 8,0.16666666666666666
78 26,0.16666666666666666
78 28,0.08333333333333333
78 56,0.16666666666666666
78 82,0.16666666666666666
78 84,0.16666666666666666
79 5,0.031630170316301706
79 6,0.025952960259529603
79 7,0.012570965125709651
79 8,0.10056772100567721
79 15,0.0012165450121654502
79 20,0.010543390105433901
79 25,0.0012165450121654502
79 26,0.08191403081914031
79 27,0.00851581508515815
79 28,0.045012165450121655
79 30,0.05271695052716951
79 37,0.008921330089213302
79 39,0.012570965125709651
79 41,0.0012165450121654502
79 43,0.010948905109489052
79 44,0.012570965125709651
79 55,0.0012165450121654502
79 56,0.06934306569343066
79 58,0.060421735604217354
79 71,0.00283860502838605
79 80,0.058394160583941604
79 81,0.044201135442011354
79 82,0.10178426601784266
79 84,0.0705596107055961
79 100,0.0008110300081103001
79 105,0.00283860502838605
79 108,0.031224655312246552
79 109,0.10056772100567721
79 112,0.019464720194647202
79 118,0.00040551500405515005
79 119,0.0113544201135442
79 121,0.00040551500405515005
79 122,0.0008110300081103001
79 123,0.0052716950527169504
80 5,0.03718199608610567
80 6,0.0273972602739726
80 8,0.11431833007175472
80 10,0.007827788649706457
80 26,0.09197651663405088
80 29,0.002446183953033268
80 30,0.06637312459230267
80 33,0.0032615786040443573
80 34,0.021200260926288322
80 35,0.04892367906066536
80 36,0.009784735812133072
80 54,0.00766470971950424
80 56,0.08692106979778212
80 58,0.05104370515329419
80 60,0.0014677103718199608
80 61,0.00228310502283105
80 72,0.001141552511415525
80 77,0.0021200260926288322
80 79,0.023483365949119372
80 82,0.11089367253750815
80 84,0.08333333333333333
80 93,0.0066862361382909324
80 105,0.003587736464448793
80 106,0.00228310502283105
80 107,0.028049575994781473
80 108,0.04191128506196999
80 109,0.05495759947814742
80 111,0.0006523157208088715
80 112,0.018754076973255054
80 113,0.010600130463144161
80 114,0.0182648401826484
80 115,0.00016307893020221786
80 125,0.00016307893020221786
80 127,0.00032615786040443573
80 128,0.0006523157208088715
80 132,0.00016307893020221786
80 134,0.00016307893020221786
80 149,0.001304631441617743
80 150,0.00016307893020221786
80 160,0.005218525766470972
80 166,0.00016307893020221786
80 168,0.001141552511415525
80 169,0.00016307893020221786
80 171,0.00016307893020221786
80 180,0.0030984996738421394
80 182,0.00016307893020221786
81 6,0.022093023255813953
81 8,0.11337209302325581
81 10,0.010077519379844961
81 26,0.09457364341085271
81 28,0.09050387596899225
81 29,0.0050387596899224806
81 34,0.043798449612403104
81 47,0.0031007751937984496
81 54,0.027906976744186046
81 56,0.08333333333333333
81 58,0.09321705426356588
81 59,0.022868217054263566
81 60,0.005813953488372093
81 61,0.005232558139534884
81 79,0.02112403100775194
81 82,0.10930232558139535
81 84,0.07945736434108527
81 93,0.010465116279069767
81 105,0.0003875968992248062
81 107,0.025968992248062015
81 108,0.025193798449612403
81 109,0.053488372093023255
81 110,0.0025193798449612403
81 112,0.024031007751937984
81 113,0.004263565891472868
81 114,0.007364341085271318
81 126,0.0050387596899224806
81 128,0.0003875968992248062
81 129,0.0001937984496124031
81 130,0.009883720930232558
82 5,0.017427589592538047
82 6,0.02577319587628866
82 8,0.11217476681394208
82 10,0.008345606283750613
82 25,0.0002454590083456063
82 26,0.09327442317133039
82 28,0.05948289968908525
82 29,0.0037637047946326298
82 30,0.045164457535591555
82 33,0.0028636884306987398
82 34,0.02577319587628866
82 35,0.03240058910162003
82 36,0.010963835706103747
82 54,0.013500245459008346
82 56,0.08083783341515301
82 58,0.06439207985599738
82 59,0.011536573392243496
82 61,0.003272786777941417
82 77,0.0010636557028309605
82 78,0.00016363933889707084
82 79,0.020536737031582392
82 80,0.05563737522500409
82 81,0.046146293568973984
82 84,0.07731958762886598
82 93,0.008100147275405008
82 107,0.025036818851251842
82 108,0.030109638357061038
82 109,0.0598101783668794
82 112,0.022664048437244313
82 113,0.007363770250368188
82 114,0.014727540500736377
82 124,8.181966944853542e-05
82 126,0.003109147439044346
82 130,0.007772868597610866
82 135,0.004500081819669448
82 160,0.003109147439044346
82 180,0.001554573719522173
83 5,0.16666666666666666
83 26,0.16666666666666666
83 30,0.16666666666666666
83 53,0.16666666666666666
83 56,0.16666666666666666
83 84,0.16666666666666666
84 5,0.024400871459694988
84 8,0.11361655773420479
84 10,0.008714596949891068
84 25,0.000326797385620915
84 26,0.09400871459694989
84 28,0.05392156862745098
84 30,0.049019607843137254
84 32,0.00010893246187363834
84 34,0.023529411764705882
84 35,0.027233115468409588
84 36,0.009694989106753813
84 47,0.001851851851851852
84 53,0.00021786492374727668
84 54,0.014814814814814815
84 56,0.11612200435729847
84 58,0.0579520697167756
84 59,0.011982570806100218
84 60,0.003703703703703704
84 61,0.003594771241830065
84 72,0.00065359477124183
84 76,0.00010893246187363834
84 77,0.0011982570806100218
84 78,0.00021786492374727668
84 79,0.01895424836601307
84 80,0.055664488017429195
84 81,0.044662309368191724
84 82,0.10294117647058823
84 83,0.00010893246187363834
84 93,0.007516339869281046
84 105,0.002178649237472767
84 106,0.0027233115468409588
84 107,0.023202614379084968
84 108,0.027886710239651415
84 109,0.04945533769063181
84 110,0.00196078431372549
84 113,0.006971677559912854
84 114,0.013071895424836602
84 124,0.00010893246187363834
84 125,0.00010893246187363834
84 126,0.0033769063180827887
84 127,0.00010893246187363834
84 128,0.00065359477124183
84 129,0.00010893246187363834
84 130,0.008387799564270153
84 132,0.00010893246187363834
84 134,0.00010893246187363834
84 135,0.004901960784313725
84 149,0.0007625272331154684
84 150,0.00010893246187363834
84 159,0.00010893246187363834
84 160,0.0033769063180827887
84 164,0.00010893246187363834
84 165,0.00021786492374727668
84 166,0.00010893246187363834
84 167,0.00010893246187363834
84 168,0.0007625272331154684
84 169,0.00010893246187363834
84 171,0.00010893246187363834
84 180,0.0017429193899782135
84 182,0.00010893246187363834
85 1,0.15040650406504066
85 2,0.06097560975609756
85 17,0.11788617886178862
85 18,0.0040650406504065045
85 19,0.08943089430894309
85 57,0.12601626016260162
85 73,0.06504065040650407
85 74,0.07723577235772358
85 75,0.07723577235772358
85 86,0.024390243902439025
85 87,0.15040650406504066
85 101,0.024390243902439025
85 117,0.008130081300813009
85 137,0.024390243902439025
86 1,0.16666666666666666
86 17,0.1111111111111111
86 57,0.1111111111111111
86 74,0.08333333333333333
86 75,0.08333333333333333
86 85,0.16666666666666666
86 87,0.16666666666666666
86 101,0.05555555555555555
86 137,0.05555555555555555
87 1,0.15333333333333332
87 2,0.056666666666666664
87 17,0.11
87 18,0.0033333333333333335
87 19,0.09333333333333334
87 57,0.12
87 73,0.07666666666666666
87 74,0.07666666666666666
87 75,0.08
87 85,0.12333333333333334
87 86,0.02
87 88,0.013333333333333334
87 92,0.013333333333333334
87 101,0.02
87 117,0.006666666666666667
87 137,0.03
87 144,0.0033333333333333335
88 1,0.16666666666666666
88 2,0.08333333333333333
88 17,0.16666666666666666
88 19,0.16666666666666666
88 73,0.08333333333333333
88 74,0.08333333333333333
88 75,0.08333333333333333
88 87,0.16666666666666666
89 24,0.02564102564102564
89 62,0.14102564102564102
89 64,0.038461538461538464
89 65,0.08974358974358974
89 66,0.1282051282051282
89 67,0.02564102564102564
89 69,0.05128205128205128
89 70,0.14102564102564102
89 90,0.0641025641025641
89 91,0.16666666666666666
89 151,0.05128205128205128
89 178,0.07692307692307693
90 24,0.027777777777777776
90 62,0.1388888888888889
90 64,0.027777777777777776
90 65,0.1111111111111111
90 66,0.1388888888888889
90 67,0.027777777777777776
90 68,0.027777777777777776
90 70,0.1388888888888889
90 89,0.1388888888888889
90 91,0.16666666666666666
90 178,0.05555555555555555
91 23,0.00980392156862745
91 24,0.0196078431372549
91 62,0.14705882352941177
91 64,0.029411764705882353
91 65,0.09803921568627451
91 66,0.13725490196078433
91 67,0.0196078431372549
91 68,0.0392156862745098
91 69,0.049019607843137254
91 70,0.14705882352941177
91 89,0.12745098039215685
91 90,0.058823529411764705
91 151,0.058823529411764705
91 178,0.058823529411764705
92 1,0.16666666666666666
92 19,0.08333333333333333
92 57,0.16666666666666666
92 73,0.16666666666666666
92 74,0.08333333333333333
92 75,0.08333333333333333
92 87,0.16666666666666666
92 137,0.08333333333333333
93 5,0.03412073490813648
93 6,0.026246719160104987
93 8,0.12992125984251968
93 26,0.12992125984251968
93 28,0.08005249343832022
93 30,0.04461942257217848
93 54,0.049868766404199474
93 56,0.09055118110236221
93 58,0.049868766404199474
93 80,0.05380577427821522
93 81,0.07086614173228346
93 82,0.12992125984251968
93 84,0.09055118110236221
93 112,0.01968503937007874
94 96,0.09304703476482618
94 138,0.03169734151329243
94 139,0.07259713701431493
94 140,0.1114519427402863
94 141,0.026584867075664622
94 143,0.1165644171779141
94 152,0.1165644171779141
94 153,0.026584867075664622
94 154,0.1165644171779141
94 155,0.006134969325153374
94 156,0.1165644171779141
94 157,0.09304703476482618
94 158,0.07259713701431493
95 31,0.14285714285714285
95 96,0.14285714285714285
95 97,0.14285714285714285
95 98,0.14285714285714285
95 139,0.14285714285714285
95 140,0.14285714285714285
95 163,0.14285714285714285
96 14,0.00684931506849315
96 31,0.007990867579908675
96 94,0.10388127853881278
96 95,0.00684931506849315
96 97,0.007990867579908675
96 98,0.007990867579908675
96 139,0.0776255707762557
96 140,0.11073059360730593
96 141,0.023972602739726026
96 143,0.1095890410958904
96 152,0.1095890410958904
96 153,0.023972602739726026
96 154,0.1095890410958904
96 155,0.00684931506849315
96 156,0.10388127853881278
96 157,0.10388127853881278
96 158,0.06963470319634703
96 162,0.001141552511415525
96 163,0.007990867579908675
97 31,0.14583333333333334
97 95,0.125
97 96,0.14583333333333334
97 98,0.14583333333333334
97 139,0.14583333333333334
97 140,0.125
97 162,0.020833333333333332
97 163,0.14583333333333334
98 31,0.14583333333333334
98 95,0.125
98 96,0.14583333333333334
98 97,0.14583333333333334
98 139,0.14583333333333334
98 140,0.125
98 162,0.020833333333333332
98 163,0.14583333333333334
99 116,0.10639880952380952
99 131,0.01488095238095238
99 136,0.001488095238095238
99 142,0.12202380952380952
99 145,0.015625
99 146,0.125
99 147,0.125
99 148,0.11160714285714286
99 170,0.03125
99 179,0.004464285714285714
99 181,0.002232142857142857
99 183,0.05952380952380952
99 184,0.001488095238095238
99 185,0.03794642857142857
99 186,0.022321428571428572
99 187,0.026785714285714284
99 188,0.017857142857142856
99 189,0.09449404761904762
99 191,0.060267857142857144
99 192,0.01636904761904762
99 193,0.001488095238095238
99 194,0.000744047619047619
99 195,0.000744047619047619
100 7,0.08333333333333333
100 15,0.08333333333333333
100 39,0.08333333333333333
100 41,0.08333333333333333
100 71,0.16666666666666666
100 79,0.16666666666666666
100 122,0.16666666666666666
100 123,0.16666666666666666
101 1,0.16666666666666666
101 2,0.05555555555555555
101 17,0.16666666666666666
101 73,0.05555555555555555
101 74,0.08333333333333333
101 75,0.08333333333333333
101 85,0.16666666666666666
101 86,0.05555555555555555
101 87,0.16666666666666666
102 116,0.14285714285714285
102 142,0.14285714285714285
102 146,0.14285714285714285
102 147,0.14285714285714285
102 148,0.14285714285714285
102 189,0.14285714285714285
102 191,0.14285714285714285
103 104,0.16666666666666666
103 142,0.16666666666666666
103 146,0.16666666666666666
103 147,0.16666666666666666
103 148,0.16666666666666666
103 186,0.16666666666666666
104 103,0.020833333333333332
104 116,0.125
104 142,0.14583333333333334
104 146,0.14583333333333334
104 147,0.14583333333333334
104 148,0.14583333333333334
104 186,0.020833333333333332
104 189,0.125
104 191,0.125
105 5,0.08024691358024691
105 6,0.018518518518518517
105 26,0.14814814814814814
105 30,0.12345679012345678
105 34,0.012345679012345678
105 35,0.04938271604938271
105 54,0.012345679012345678
105 56,0.12345679012345678
105 79,0.043209876543209874
105 80,0.13580246913580246
105 81,0.012345679012345678
105 84,0.12345679012345678
105 107,0.1111111111111111
105 112,0.006172839506172839
106 5,0.03125
106 8,0.14583333333333334
106 26,0.14583333333333334
106 28,0.078125
106 30,0.125
106 34,0.010416666666666666
106 35,0.06770833333333333
106 54,0.010416666666666666
106 56,0.13020833333333334
106 59,0.036458333333333336
106 80,0.07291666666666667
106 84,0.13020833333333334
106 112,0.015625
107 5,0.011931394481730051
107 6,0.027591349739000747
107 8,0.11409395973154363
107 26,0.0935868754660701
107 28,0.05779269202087994
107 30,0.040268456375838924
107 34,0.05592841163310962
107 35,0.051826994780014915
107 54,0.014914243102162566
107 56,0.07941834451901567
107 58,0.07568978374347501
107 80,0.06413124533929904
107 81,0.049962714392244596
107 82,0.11409395973154363
107 84,0.07941834451901567
107 105,0.006711409395973154
107 108,0.037285607755406416
107 112,0.02535421327367636
108 6,0.025232403718459494
108 8,0.12317397078353254
108 10,0.02158034528552457
108 30,0.0398406374501992
108 34,0.04150066401062417
108 35,0.050132802124833994
108 56,0.0849933598937583
108 58,0.0903054448871182
108 59,0.010624169986719787
108 61,0.0006640106241699867
108 77,0.0023240371845949536
108 79,0.02556440903054449
108 80,0.08532536520584329
108 81,0.04316069057104914
108 82,0.12217795484727756
108 84,0.0849933598937583
108 107,0.033200531208499334
108 109,0.06341301460823373
108 112,0.022908366533864542
108 114,0.020252324037184594
108 128,0.00099601593625498
108 130,0.0026560424966799467
108 135,0.0026560424966799467
108 160,0.0023240371845949536
109 5,0.017318080711789006
109 6,0.025738798856053385
109 8,0.10660946933587544
109 26,0.09485224022878933
109 28,0.061646012074992054
109 29,0.0065141404512233875
109 30,0.047664442326024785
109 33,0.005560851604702891
109 34,0.024467747060692723
109 35,0.02605656180489355
109 36,0.016205910390848427
109 54,0.0060374960279631395
109 56,0.07880521131236098
109 58,0.06784238957737528
109 59,0.020495710200190656
109 79,0.03940260565618049
109 80,0.05354305687956784
109 81,0.0438512869399428
109 82,0.1161423578010804
109 84,0.0721321893867175
109 108,0.03034636161423578
109 112,0.024467747060692723
109 135,0.008261836669844296
109 160,0.0060374960279631395
110 8,0.14285714285714285
110 26,0.15079365079365079
110 29,0.007936507936507936
110 30,0.031746031746031744
110 34,0.047619047619047616
110 35,0.015873015873015872
110 36,0.015873015873015872
110 54,0.007936507936507936
110 56,0.15079365079365079
110 58,0.1111111111111111
110 59,0.06349206349206349
110 81,0.10317460317460317
110 84,0.14285714285714285
110 135,0.007936507936507936
111 5,0.041666666666666664
111 26,0.16666666666666666
111 29,0.08333333333333333
111 30,0.08333333333333333
111 33,0.041666666666666664
111 35,0.08333333333333333
111 36,0.041666666666666664
111 56,0.16666666666666666
111 58,0.08333333333333333
111 80,0.16666666666666666
111 127,0.041666666666666664
112 8,0.1270949720670391
112 26,0.10707635009310987
112 28,0.074487895716946
112 30,0.04562383612662942
112 33,0.006052141527001862
112 34,0.03026070763500931
112 35,0.04283054003724395
112 36,0.013500931098696461
112 47,0.000931098696461825
112 54,0.01303538175046555
112 58,0.08100558659217877
112 59,0.016294227188081937
112 60,0.00186219739292365
112 77,0.000931098696461825
112 79,0.0223463687150838
112 80,0.053538175046554934
112 81,0.05772811918063315
112 82,0.12895716945996274
112 93,0.006983240223463687
112 105,0.0004655493482309125
112 106,0.0013966480446927375
112 107,0.03165735567970205
112 108,0.03212290502793296
112 109,0.07169459962756052
112 113,0.00558659217877095
112 114,0.016294227188081937
112 130,0.010242085661080074
113 5,0.03869047619047619
113 6,0.022321428571428572
113 8,0.13095238095238096
113 26,0.13392857142857142
113 29,0.002976190476190476
113 30,0.08333333333333333
113 34,0.022321428571428572
113 35,0.047619047619047616
113 54,0.022321428571428572
113 56,0.09821428571428571
113 59,0.020833333333333332
113 80,0.09672619047619048
113 81,0.03273809523809524
113 82,0.13392857142857142
113 84,0.09523809523809523
113 112,0.017857142857142856
114 5,0.01783264746227709
114 6,0.027434842249657063
114 8,0.12345679012345678
114 26,0.09259259259259259
114 28,0.05281207133058985
114 30,0.06584362139917696
114 35,0.09053497942386832
114 56,0.0823045267489712
114 58,0.07270233196159122
114 80,0.07681755829903979
114 81,0.02606310013717421
114 82,0.12345679012345678
114 84,0.0823045267489712
114 108,0.04183813443072702
114 112,0.02400548696844993
115 5,0.16666666666666666
115 8,0.16666666666666666
115 26,0.16666666666666666
115 30,0.16666666666666666
115 56,0.16666666666666666
115 80,0.16666666666666666
116 99,0.11513687600644122
116 102,0.004830917874396135
116 104,0.004830917874396135
116 131,0.008856682769726247
116 136,0.0008051529790660225
116 142,0.12077294685990338
116 145,0.016908212560386472
116 146,0.12399355877616747
116 147,0.12399355877616747
116 148,0.11594202898550725
116 170,0.029790660225442835
116 179,0.004830917874396135
116 181,0.0024154589371980675
116 183,0.04830917874396135
116 184,0.0008051529790660225
116 185,0.033816425120772944
116 187,0.021739130434782608
116 188,0.017713365539452495
116 189,0.1111111111111111
116 191,0.07326892109500806
116 192,0.016908212560386472
116 193,0.0008051529790660225
116 194,0.0008051529790660225
116 195,0.0008051529790660225
116 196,0.0008051529790660225
117 1,0.16666666666666666
117 19,0.16666666666666666
117 57,0.16666666666666666
117 74,0.08333333333333333
117 75,0.08333333333333333
117 85,0.16666666666666666
117 87,0.16666666666666666
118 15,0.16666666666666666
118 41,0.16666666666666666
118 71,0.16666666666666666
118 79,0.16666666666666666
118 121,0.16666666666666666
118 123,0.16666666666666666
119 7,0.1235632183908046
119 20,0.1206896551724138
119 27,0.10344827586206896
119 37,0.10919540229885058
119 39,0.12643678160919541
119 43,0.11781609195402298
119 44,0.12643678160919541
119 71,0.005747126436781609
119 79,0.08045977011494253
119 120,0.06321839080459771
119 123,0.020114942528735632
119 190,0.0028735632183908046
120 7,0.1206896551724138
120 20,0.12643678160919541
120 27,0.1206896551724138
120 37,0.12643678160919541
120 39,0.12643678160919541
120 43,0.1206896551724138
120 44,0.12643678160919541
120 119,0.12643678160919541
120 190,0.005747126436781609
121 15,0.16666666666666666
121 41,0.16666666666666666
121 71,0.16666666666666666
121 79,0.16666666666666666
121 118,0.16666666666666666
121 123,0.16666666666666666
122 7,0.08333333333333333
122 15,0.08333333333333333
122 39,0.08333333333333333
122 41,0.08333333333333333
122 71,0.16666666666666666
122 79,0.16666666666666666
122 100,0.16666666666666666
122 123,0.16666666666666666
123 7,0.11904761904761904
123 15,0.03571428571428571
123 20,0.07142857142857142
123 39,0.11904761904761904
123 41,0.03571428571428571
123 43,0.08333333333333333
123 44,0.11904761904761904
123 55,0.03571428571428571
123 71,0.07142857142857142
123 79,0.15476190476190477
123 100,0.023809523809523808
123 118,0.011904761904761904
123 119,0.08333333333333333
123 121,0.011904761904761904
123 122,0.023809523809523808
124 5,0.16666666666666666
124 8,0.16666666666666666
124 26,0.16666666666666666
124 30,0.16666666666666666
124 82,0.16666666666666666
124 84,0.16666666666666666
125 5,0.16666666666666666
125 26,0.16666666666666666
125 30,0.16666666666666666
125 56,0.16666666666666666
125 80,0.16666666666666666
125 84,0.16666666666666666
126 5,0.024305555555555556
126 6,0.027777777777777776
126 8,0.13194444444444445
126 26,0.13194444444444445
126 28,0.1111111111111111
126 30,0.04513888888888889
126 56,0.1076388888888889
126 58,0.09027777777777778
126 81,0.09027777777777778
126 82,0.13194444444444445
126 84,0.1076388888888889
127 5,0.16666666666666666
127 26,0.16666666666666666
127 30,0.16666666666666666
127 56,0.16666666666666666
127 80,0.16666666666666666
127 84,0.08333333333333333
127 111,0.08333333333333333
128 8,0.16666666666666666
128 26,0.08333333333333333
128 30,0.05555555555555555
128 56,0.16666666666666666
128 58,0.1111111111111111
128 80,0.1111111111111111
128 81,0.05555555555555555
128 84,0.16666666666666666
128 108,0.08333333333333333
129 28,0.16666666666666666
129 34,0.16666666666666666
129 56,0.16666666666666666
129 58,0.16666666666666666
129 81,0.16666666666666666
129 84,0.16666666666666666
130 5,0.007936507936507936
130 8,0.12566137566137567
130 26,0.1164021164021164
130 28,0.10978835978835978
130 30,0.042328042328042326
130 36,0.05952380952380952
130 54,0.03439153439153439
130 56,0.10185185185185185
130 58,0.06746031746031746
130 81,0.06746031746031746
130 82,0.12566137566137567
130 84,0.10185185185185185
130 108,0.010582010582010581
130 112,0.0291005291005291
131 99,0.1388888888888889
131 116,0.0763888888888889
131 142,0.1388888888888889
131 146,0.1388888888888889
131 147,0.1388888888888889
131 183,0.1388888888888889
131 185,0.0763888888888889
131 186,0.0763888888888889
131 187,0.0763888888888889
132 5,0.16666666666666666
132 8,0.16666666666666666
132 30,0.16666666666666666
132 56,0.16666666666666666
132 80,0.16666666666666666
132 84,0.16666666666666666
133 45,0.16666666666666666
133 48,0.16666666666666666
133 49,0.16666666666666666
133 50,0.16666666666666666
133 51,0.16666666666666666
133 161,0.16666666666666666
134 8,0.16666666666666666
134 26,0.16666666666666666
134 30,0.16666666666666666
134 56,0.16666666666666666
134 80,0.16666666666666666
134 84,0.16666666666666666
135 5,0.0625
135 6,0.027777777777777776
135 8,0.12731481481481483
135 10,0.006944444444444444
135 26,0.1087962962962963
135 28,0.06481481481481481
135 29,0.0023148148148148147
135 30,0.12037037037037036
135 56,0.10648148148148148
135 82,0.12731481481481483
135 84,0.10416666666666667
135 108,0.018518518518518517
135 109,0.12037037037037036
135 110,0.0023148148148148147
136 99,0.16666666666666666
136 116,0.08333333333333333
136 142,0.16666666666666666
136 146,0.16666666666666666
136 147,0.16666666666666666
136 148,0.16666666666666666
136 186,0.08333333333333333
137 1,0.16666666666666666
137 2,0.037037037037037035
137 57,0.16666666666666666
137 73,0.09259259259259259
137 74,0.07407407407407407
137 75,0.09259259259259259
137 85,0.1111111111111111
137 86,0.037037037037037035
137 87,0.16666666666666666
137 92,0.037037037037037035
137 144,0.018518518518518517
138 14,0.021739130434782608
138 94,0.11231884057971014
138 139,0.09420289855072464
138 140,0.13043478260869565
138 141,0.021739130434782608
138 143,0.13043478260869565
138 152,0.13043478260869565
138 153,0.021739130434782608
138 154,0.13043478260869565
138 156,0.11231884057971014
138 158,0.09420289855072464
139 14,0.01478494623655914
139 31,0.009408602150537635
139 94,0.09543010752688172
139 95,0.008064516129032258
139 96,0.0913978494623656
139 97,0.009408602150537635
139 98,0.009408602150537635
139 138,0.03494623655913978
139 140,0.11559139784946236
139 143,0.10752688172043011
139 152,0.10752688172043011
139 154,0.10752688172043011
139 156,0.09543010752688172
139 157,0.07526881720430108
139 158,0.10752688172043011
139 162,0.0013440860215053765
139 163,0.009408602150537635
140 14,0.010476190476190476
140 31,0.005714285714285714
140 94,0.10380952380952381
140 95,0.005714285714285714
140 96,0.09238095238095238
140 97,0.005714285714285714
140 98,0.005714285714285714
140 138,0.03428571428571429
140 139,0.08190476190476191
140 141,0.024761904761904763
140 143,0.11238095238095239
140 152,0.11238095238095239
140 153,0.024761904761904763
140 154,0.11238095238095239
140 156,0.10380952380952381
140 157,0.08190476190476191
140 158,0.0761904761904762
140 163,0.005714285714285714
141 94,0.12745098039215685
141 96,0.10294117647058823
141 138,0.029411764705882353
141 140,0.12745098039215685
141 143,0.12745098039215685
141 152,0.12745098039215685
141 154,0.12745098039215685
141 156,0.12745098039215685
141 157,0.10294117647058823
142 99,0.1168091168091168
142 102,0.004273504273504274
142 103,0.0007122507122507123
142 104,0.004985754985754986
142 116,0.10683760683760683
142 131,0.014245014245014245
142 136,0.0014245014245014246
142 145,0.014957264957264958
142 146,0.12535612535612536
142 147,0.12535612535612536
142 148,0.11253561253561253
142 170,0.0292022792022792
142 179,0.004273504273504274
142 183,0.05698005698005698
142 184,0.0014245014245014246
142 185,0.03561253561253561
142 186,0.02207977207977208
142 187,0.02492877492877493
142 188,0.017094017094017096
142 189,0.09757834757834757
142 191,0.06481481481481481
142 192,0.01566951566951567
142 193,0.0014245014245014246
142 195,0.0007122507122507123
142 196,0.0007122507122507123
143 14,0.01053639846743295
143 94,0.10919540229885058
143 96,0.09195402298850575
143 138,0.034482758620689655
143 139,0.07662835249042145
143 140,0.11302681992337164
143 141,0.02490421455938697
143 152,0.11781609195402298
143 153,0.02490421455938697
143 154,0.11781609195402298
143 155,0.005747126436781609
143 156,0.10919540229885058
143 157,0.0871647509578544
143 158,0.07662835249042145
144 1,0.16666666666666666
144 57,0.16666666666666666
144 73,0.16666666666666666
144 75,0.16666666666666666
144 87,0.16666666666666666
144 137,0.16666666666666666
145 99,0.125
145 116,0.125
145 142,0.125
145 146,0.125
145 147,0.125
145 148,0.125
145 189,0.125
145 191,0.125
146 99,0.11764705882352941
146 102,0.004201680672268907
146 103,0.0007002801120448179
146 104,0.004901960784313725
146 116,0.10784313725490197
146 131,0.014005602240896359
146 136,0.0014005602240896359
146 142,0.12324929971988796
146 145,0.014705882352941176
146 147,0.12605042016806722
146 148,0.1134453781512605
146 170,0.029411764705882353
146 179,0.004201680672268907
146 181,0.0021008403361344537
146 183,0.056022408963585436
146 184,0.0014005602240896359
146 185,0.03571428571428571
146 186,0.021708683473389355
146 187,0.025210084033613446
146 188,0.01680672268907563
146 189,0.09663865546218488
146 191,0.06372549019607843
146 192,0.015406162464985995
146 193,0.0014005602240896359
146 194,0.0007002801120448179
146 195,0.0007002801120448179
146 196,0.0007002801120448179
147 99,0.11764705882352941
147 102,0.004201680672268907
147 103,0.0007002801120448179
147 104,0.004901960784313725
147 116,0.10784313725490197
147 131,0.014005602240896359
147 136,0.0014005602240896359
147 142,0.12324929971988796
147 145,0.014705882352941176
147 146,0.12605042016806722
147 148,0.1134453781512605
147 170,0.029411764705882353
147 179,0.004201680672268907
147 181,0.0021008403361344537
147 183,0.056022408963585436
147 184,0.0014005602240896359
147 185,0.03571428571428571
147 186,0.021708683473389355
147 187,0.025210084033613446
147 188,0.01680672268907563
147 189,0.09663865546218488
147 191,0.06372549019607843
147 192,0.015406162464985995
147 193,0.0014005602240896359
147 194,0.0007002801120448179
147 195,0.0007002801120448179
147 196,0.0007002801120448179
148 99,0.11574074074074074
148 102,0.004629629629629629
148 103,0.0007716049382716049
148 104,0.005401234567901234
148 116,0.1111111111111111
148 136,0.0015432098765432098
148 142,0.12191358024691358
148 145,0.016203703703703703
148 146,0.125
148 147,0.125
148 170,0.032407407407407406
148 179,0.004629629629629629
148 181,0.0023148148148148147
148 183,0.04938271604938271
148 185,0.032407407407407406
148 186,0.016203703703703703
148 187,0.020833333333333332
148 188,0.016975308641975308
148 189,0.10648148148148148
148 191,0.07021604938271606
148 192,0.016975308641975308
148 193,0.0015432098765432098
148 194,0.0007716049382716049
148 195,0.0007716049382716049
148 196,0.0007716049382716049
149 5,0.12962962962962962
149 6,0.018518518518518517
149 8,0.14814814814814814
149 26,0.14814814814814814
149 30,0.12962962962962962
149 54,0.018518518518518517
149 56,0.12962962962962962
149 80,0.14814814814814814
149 84,0.12962962962962962
150 5,0.16666666666666666
150 8,0.16666666666666666
150 26,0.16666666666666666
150 56,0.16666666666666666
150 80,0.16666666666666666
150 84,0.16666666666666666
151 23,0.027777777777777776
151 62,0.16666666666666666
151 64,0.027777777777777776
151 65,0.08333333333333333
151 66,0.1388888888888889
151 67,0.027777777777777776
151 68,0.05555555555555555
151 70,0.1388888888888889
151 89,0.1111111111111111
151 91,0.16666666666666666
151 178,0.05555555555555555
152 14,0.01053639846743295
152 94,0.10919540229885058
152 96,0.09195402298850575
152 138,0.034482758620689655
152 139,0.07662835249042145
152 140,0.11302681992337164
152 141,0.02490421455938697
152 143,0.11781609195402298
152 153,0.02490421455938697
152 154,0.11781609195402298
152 155,0.005747126436781609
152 156,0.10919540229885058
152 157,0.0871647509578544
152 158,0.07662835249042145
153 94,0.12745098039215685
153 96,0.10294117647058823
153 138,0.029411764705882353
153 140,0.12745098039215685
153 143,0.12745098039215685
153 152,0.12745098039215685
153 154,0.12745098039215685
153 156,0.12745098039215685
153 157,0.10294117647058823
154 14,0.01053639846743295
154 94,0.10919540229885058
154 96,0.09195402298850575
154 138,0.034482758620689655
154 139,0.07662835249042145
154 140,0.11302681992337164
154 141,0.02490421455938697
154 143,0.11781609195402298
154 152,0.11781609195402298
154 153,0.02490421455938697
154 155,0.005747126436781609
154 156,0.10919540229885058
154 157,0.0871647509578544
154 158,0.07662835249042145
155 94,0.14285714285714285
155 96,0.14285714285714285
155 143,0.14285714285714285
155 152,0.14285714285714285
155 154,0.14285714285714285
155 156,0.14285714285714285
155 157,0.14285714285714285
156 94,0.1165644171779141
156 96,0.09304703476482618
156 138,0.03169734151329243
156 139,0.07259713701431493
156 140,0.1114519427402863
156 141,0.026584867075664622
156 143,0.1165644171779141
156 152,0.1165644171779141
156 153,0.026584867075664622
156 154,0.1165644171779141
156 155,0.006134969325153374
156 157,0.09304703476482618
156 158,0.07259713701431493
157 94,0.1148989898989899
157 96,0.1148989898989899
157 139,0.0707070707070707
157 140,0.10858585858585859
157 141,0.026515151515151516
157 143,0.1148989898989899
157 152,0.1148989898989899
157 153,0.026515151515151516
157 154,0.1148989898989899
157 155,0.007575757575757576
157 156,0.1148989898989899
157 158,0.0707070707070707
158 14,0.015804597701149427
158 94,0.10201149425287356
158 96,0.08764367816091954
158 138,0.03735632183908046
158 139,0.11494252873563218
158 140,0.11494252873563218
158 143,0.11494252873563218
158 152,0.11494252873563218
158 154,0.11494252873563218
158 156,0.10201149425287356
158 157,0.08045977011494253
159 8,0.16666666666666666
159 26,0.16666666666666666
159 28,0.16666666666666666
159 30,0.16666666666666666
159 36,0.16666666666666666
159 84,0.16666666666666666
160 5,0.09027777777777778
160 6,0.027777777777777776
160 8,0.13194444444444445
160 26,0.1111111111111111
160 28,0.024305555555555556
160 56,0.1076388888888889
160 80,0.1111111111111111
160 82,0.13194444444444445
160 84,0.1076388888888889
160 108,0.024305555555555556
160 109,0.13194444444444445
161 45,0.16666666666666666
161 48,0.16666666666666666
161 49,0.16666666666666666
161 50,0.16666666666666666
161 51,0.16666666666666666
161 133,0.16666666666666666
162 31,0.16666666666666666
162 96,0.16666666666666666
162 97,0.16666666666666666
162 98,0.16666666666666666
162 139,0.16666666666666666
162 163,0.16666666666666666
163 31,0.14583333333333334
163 95,0.125
163 96,0.14583333333333334
163 97,0.14583333333333334
163 98,0.14583333333333334
163 139,0.14583333333333334
163 140,0.125
163 162,0.020833333333333332
164 5,0.16666666666666666
164 8,0.16666666666666666
164 26,0.16666666666666666
164 30,0.16666666666666666
164 56,0.16666666666666666
164 84,0.16666666666666666
165 5,0.08333333333333333
165 8,0.16666666666666666
165 26,0.16666666666666666
165 28,0.08333333333333333
165 30,0.16666666666666666
165 56,0.16666666666666666
165 84,0.16666666666666666
166 5,0.16666666666666666
166 26,0.16666666666666666
166 30,0.16666666666666666
166 56,0.16666666666666666
166 80,0.16666666666666666
166 84,0.16666666666666666
167 5,0.16666666666666666
167 8,0.16666666666666666
167 26,0.16666666666666666
167 30,0.16666666666666666
167 56,0.16666666666666666
167 84,0.16666666666666666
168 5,0.125
168 8,0.14583333333333334
168 26,0.14583333333333334
168 30,0.125
168 54,0.020833333333333332
168 56,0.14583333333333334
168 80,0.14583333333333334
168 84,0.14583333333333334
169 5,0.16666666666666666
169 26,0.16666666666666666
169 30,0.16666666666666666
169 56,0.16666666666666666
169 80,0.16666666666666666
169 84,0.16666666666666666
170 99,0.125
170 116,0.11011904761904762
170 142,0.12202380952380952
170 146,0.125
170 147,0.125
170 148,0.125
170 181,0.002976190476190476
170 183,0.07738095238095238
170 186,0.017857142857142856
170 189,0.10714285714285714
170 191,0.0625
171 5,0.16666666666666666
171 26,0.16666666666666666
171 30,0.16666666666666666
171 56,0.16666666666666666
171 80,0.16666666666666666
171 84,0.16666666666666666
172 3,0.16666666666666666
172 4,0.16666666666666666
172 46,0.16666666666666666
172 173,0.16666666666666666
172 174,0.08333333333333333
172 175,0.08333333333333333
172 176,0.08333333333333333
172 177,0.08333333333333333
173 3,0.16666666666666666
173 4,0.16666666666666666
173 46,0.16666666666666666
173 172,0.16666666666666666
173 174,0.08333333333333333
173 175,0.08333333333333333
173 176,0.08333333333333333
173 177,0.08333333333333333
174 3,0.16666666666666666
174 4,0.16666666666666666
174 46,0.16666666666666666
174 172,0.16666666666666666
174 173,0.16666666666666666
174 176,0.08333333333333333
174 177,0.08333333333333333
175 3,0.16666666666666666
175 4,0.16666666666666666
175 46,0.16666666666666666
175 172,0.16666666666666666
175 173,0.16666666666666666
175 176,0.08333333333333333
175 177,0.08333333333333333
176 3,0.16666666666666666
176 4,0.16666666666666666
176 46,0.16666666666666666
176 172,0.16666666666666666
176 173,0.16666666666666666
176 174,0.08333333333333333
176 175,0.08333333333333333
177 3,0.16666666666666666
177 4,0.16666666666666666
177 46,0.16666666666666666
177 172,0.16666666666666666
177 173,0.16666666666666666
177 174,0.08333333333333333
177 175,0.08333333333333333
178 62,0.16666666666666666
178 64,0.08333333333333333
178 66,0.08333333333333333
178 69,0.05555555555555555
178 70,0.16666666666666666
178 89,0.16666666666666666
178 90,0.05555555555555555
178 91,0.16666666666666666
178 151,0.05555555555555555
179 99,0.14285714285714285
179 116,0.14285714285714285
179 142,0.14285714285714285
179 146,0.14285714285714285
179 147,0.14285714285714285
179 148,0.14285714285714285
179 189,0.14285714285714285
180 5,0.05303030303030303
180 6,0.022727272727272728
180 8,0.14393939393939395
180 26,0.14393939393939395
180 34,0.05303030303030303
180 54,0.05303030303030303
180 56,0.12121212121212122
180 80,0.14393939393939395
180 82,0.14393939393939395
180 84,0.12121212121212122
181 99,0.16666666666666666
181 116,0.16666666666666666
181 146,0.16666666666666666
181 147,0.16666666666666666
181 148,0.16666666666666666
181 170,0.05555555555555555
181 185,0.05555555555555555
181 187,0.05555555555555555
182 5,0.16666666666666666
182 8,0.16666666666666666
182 26,0.16666666666666666
182 56,0.16666666666666666
182 80,0.16666666666666666
182 84,0.16666666666666666
183 99,0.12578616352201258
183 116,0.09433962264150944
183 131,0.031446540880503145
183 142,0.12578616352201258
183 146,0.12578616352201258
183 147,0.12578616352201258
183 148,0.10062893081761007
183 170,0.040880503144654086
183 185,0.055031446540880505
183 186,0.03930817610062893
183 187,0.055031446540880505
183 189,0.08018867924528301
184 99,0.16666666666666666
184 116,0.08333333333333333
184 142,0.16666666666666666
184 146,0.16666666666666666
184 147,0.16666666666666666
184 186,0.08333333333333333
184 188,0.16666666666666666
185 99,0.12686567164179105
185 116,0.1044776119402985
185 131,0.02736318407960199
185 142,0.12437810945273632
185 146,0.12686567164179105
185 147,0.12686567164179105
185 148,0.1044776119402985
185 181,0.0024875621890547263
185 183,0.08706467661691543
185 186,0.02736318407960199
185 189,0.08955223880597014
185 191,0.05223880597014925
186 99,0.1388888888888889
186 103,0.004629629629629629
186 104,0.004629629629629629
186 131,0.05092592592592592
186 136,0.004629629629629629
186 142,0.14351851851851852
186 146,0.14351851851851852
186 147,0.14351851851851852
186 148,0.09722222222222222
186 170,0.027777777777777776
186 183,0.11574074074074074
186 184,0.004629629629629629
186 185,0.05092592592592592
186 187,0.05092592592592592
186 188,0.009259259259259259
186 192,0.004629629629629629
186 193,0.004629629629629629
187 99,0.13043478260869565
187 116,0.09782608695652174
187 131,0.03985507246376811
187 142,0.12681159420289856
187 146,0.13043478260869565
187 147,0.13043478260869565
187 148,0.09782608695652174
187 181,0.0036231884057971015
187 183,0.12681159420289856
187 186,0.03985507246376811
187 189,0.07608695652173914
188 99,0.12903225806451613
188 116,0.11827956989247312
188 142,0.12903225806451613
188 146,0.12903225806451613
188 147,0.12903225806451613
188 148,0.11827956989247312
188 184,0.010752688172043012
188 186,0.010752688172043012
188 189,0.11290322580645161
188 191,0.11290322580645161
189 99,0.11199294532627865
189 102,0.005291005291005291
189 104,0.005291005291005291
189 116,0.12169312169312169
189 142,0.12081128747795414
189 145,0.018518518518518517
189 146,0.12169312169312169
189 147,0.12169312169312169
189 148,0.12169312169312169
189 170,0.031746031746031744
189 179,0.005291005291005291
189 183,0.04497354497354497
189 185,0.031746031746031744
189 187,0.018518518518518517
189 188,0.018518518518518517
189 191,0.08024691358024691
189 192,0.018518518518518517
189 194,0.0008818342151675485
189 196,0.0008818342151675485
190 20,0.16666666666666666
190 37,0.16666666666666666
190 39,0.16666666666666666
190 44,0.16666666666666666
190 119,0.16666666666666666
190 120,0.16666666666666666
191 99,0.10887096774193548
191 102,0.008064516129032258
191 104,0.008064516129032258
191 116,0.12231182795698925
191 142,0.12231182795698925
191 145,0.028225806451612902
191 146,0.12231182795698925
191 147,0.12231182795698925
191 148,0.12231182795698925
191 170,0.028225806451612902
191 185,0.028225806451612902
191 188,0.028225806451612902
191 189,0.12231182795698925
191 192,0.028225806451612902
192 99,0.12643678160919541
192 116,0.1206896551724138
192 142,0.12643678160919541
192 146,0.12643678160919541
192 147,0.12643678160919541
192 148,0.12643678160919541
192 186,0.005747126436781609
192 189,0.1206896551724138
192 191,0.1206896551724138
193 99,0.16666666666666666
193 116,0.08333333333333333
193 142,0.16666666666666666
193 146,0.16666666666666666
193 147,0.16666666666666666
193 148,0.16666666666666666
193 186,0.08333333333333333
194 99,0.16666666666666666
194 116,0.16666666666666666
194 146,0.16666666666666666
194 147,0.16666666666666666
194 148,0.16666666666666666
194 189,0.16666666666666666
195 99,0.16666666666666666
195 116,0.16666666666666666
195 142,0.16666666666666666
195 146,0.16666666666666666
195 147,0.16666666666666666
195 148,0.16666666666666666
196 116,0.16666666666666666
196 142,0.16666666666666666
196 146,0.16666666666666666
196 147,0.16666666666666666
196 148,0.16666666666666666
196 189,0.16666666666666666
