0 0.08766627789129722
1 0.06335794882921457
2 0.0931465309461668
3 0.11795340310404796
4 0.018264626449239294
5 0.021769469227375517
6 0.005026040644156826
7 0.25975727992763586
8 0.22099633625124418
9 0.12504481009792143
10 0.0
11 0.2940542974894815
12 0.21589204957167457
13 0.22798353271378102
14 0.1517463665862262
15 0.12355708405243128
16 0.2159053345160971
17 0.23535373032582088
18 0.2257031554800057
19 0.17393230651281524
20 0.04162631115167807
21 0.26207944698935814
22 0.21388328946648613
23 0.09599563543176802
24 0.20087146374031645
25 0.26826368490206676
26 0.0
27 0.057668328449780974
28 0.22849035894478686
29 0.0794205531528662
30 0.0635244481487088
31 0.04810735298037028
32 0.13423099080963155
33 0.11850855727897693
34 0.18489107246397085
35 0.08029829642464473
36 0.1072540548325598
37 0.0
38 0.0
39 0.022773174494389113
40 0.20866145498021538
41 0.1787625684150164
42 0.11360928849751718
43 0.12632935094197717
44 0.18576797754062374
45 0.28456079165951265
46 0.030915089566241616
47 0.15399777422523067
48 0.21821375007784746
49 0.09562081194608273
50 0.25635582505771626
51 0.15941259164217106
52 0.29777493204389033
53 0.2868088942932708
54 0.07096243969221633
55 0.2555561609196297
56 0.22090569009342872
57 0.24951608516614446
58 0.14146012750400033
59 0.06467519169316426
60 0.0
61 0.11268764111611375
62 0.22039009486059735
63 0.16257521391166255
64 0.22240799298408684
65 0.09160937401089908
66 0.11362814187859772
67 0.12346317631458635
68 0.0
69 0.29483583576256506
70 0.14003079842515856
71 0.08399208450687003
72 0.10444587828708622
73 0.2315033495578898
74 0.14964284442703993
75 0.2603548147343574
76 0.2871778719279073
77 0.0007808970901895474
78 0.1486255783595897
79 0.13598698043230892
80 0.05328457619914522
81 0.14154383537826967
82 0.1149519120541865
83 0.0
84 0.035146323584682615
85 0.1559725450839507
86 0.0
87 0.2220867308348141
88 0.25002832992859714
89 0.05377683291780564
90 0.2911888130185883
91 0.027887312581832822
92 0.24925919383103629
93 0.15262622260878878
94 0.06353280092263772
95 0.2503821244027817
96 0.08086817295982146
97 0.0909108967125131
98 0.0
99 0.2723905313876879
100 0.04379655670875441
101 0.1956904296257811
102 0.2629194912701363
103 0.26602333113381876
104 0.065734976461331
105 0.1307844013514358
106 0.16619543064091374
107 0.2806752074317416
108 0.0
109 0.005890901906851287
110 0.04289381326403198
111 0.08390662792185061
112 0.0
113 0.28286497712381803
114 0.25428445380090825
115 0.15674321426245982
116 0.18184511031798928
117 0.24290789772805926
118 0.18541997023535498
119 0.18788100246182518
120 0.17896589913395686
121 0.17420124404703746
122 0.007479515918001789
123 0.08592224411775974
124 0.0021101745028270225
125 0.2200597768212114
126 0.12518747963801036
127 0.027817949983564395
128 0.2493538816222575
129 0.1233936735044977
130 0.13772102153487356
131 0.023739015936976682
132 0.02865410064827771
133 0.29004167201500497
134 0.2115377395509446
135 0.031141875928718765
136 0.2844221276399189
137 0.19688182255175077
138 0.018039870385059397
139 0.2402115777176995
140 0.05278484762128804
141 0.0
142 0.09093903877557442
143 0.04320133550967899
144 0.13002350804987475
145 0.00795533718851973
146 0.12267302533955235
147 0.22292792472736
148 0.0
149 0.0
150 0.07250046327574404
151 0.0
152 0.03646686010571527
153 0.13302864231156666
154 0.24872718549770287
155 0.18124674388423404
156 0.2631485475915363
157 0.2919206816077511
158 0.08409577444994223
159 0.07890056074492126
160 0.16208108978953228
161 0.11433615643724213
162 0.1830993779864975
163 0.244590029861181
164 0.16121805071998238
165 0.18496644214994865
166 0.29187970747591985
167 0.2146795100473409
168 0.2109776202403219
169 0.01057711254388739
170 0.2688017397742424
171 0.23960713323098365
172 0.18546452913485015
173 0.2122003332231269
174 0.1973023907209918
175 0.2895124304366129
176 0.09345279207191304
177 0.0606645433014489
178 0.26703469167477417
179 0.16278898394594377
180 0.08636054146967805
181 0.280023393623611
182 0.18623206382896476
183 0.24821313870667586
184 0.09090543690674839
185 0.0349212635955206
186 0.19265875092761486
187 0.0
188 0.0
189 0.07147173783496782
190 0.27982690143144473
191 0.2963847482460074
192 0.11234291058278588
193 0.03140033295591251
194 0.19625447848587235
195 0.249913659260461
196 0.25483075023776086
197 0.21576596400392484
198 0.2881390657900358
199 0.21980704258851308
200 0.14488326520202918
201 0.15723384964950568
202 0.05317263059703821
203 0.2288728216374903
204 0.1257007756381369
205 0.2608905733269287
206 0.20649021405545825
207 0.09052352175431114
208 0.07413509790202624
209 0.23004147264033725
210 0.06693075317166974
211 0.08542191266541467
212 0.08383688773782072
213 0.07498630284858432
214 0.09046994977714222
215 0.27816348218564824
216 0.03707104483332594
217 0.11376949063834241
218 0.24130525442246248
219 0.21441181890321892
220 0.06858947134890786
221 0.24619467408125806
222 0.09491733446877869
223 0.09080312006771052
224 0.009072890021684167
225 0.09481459837043357
226 0.0
227 0.2531508928680366
228 0.12248034511901153
229 0.1265978869020826
230 0.02611555653438077
231 0.07789490855069249
232 0.22559094070371527
233 0.12287657052360342
234 0.011306659379398344
235 0.0
236 0.16559761019169292
237 0.29653749215741493
238 0.03475885954973934
239 0.183167852182642
240 0.07338750654248102
241 0.21254712724110184
242 0.1873733963715472
243 0.236162926982692
244 0.23020008310322193
245 0.19700020801756218
246 0.2954408072670972
247 0.2950457264171286
248 0.23307992362695865
249 0.2763851981070629
250 0.1425245547303951
251 0.0599719100565681
252 0.15193723331742648
253 0.23034161140135542
254 0.21593424098653827
255 0.185818043590822
256 0.2997653168963638
257 0.2999902084089687
258 0.0
259 0.19417437561781262
260 0.23136488461738222
261 0.2935053378733297
262 0.19228847784126946
263 0.2794876681497582
264 0.26956096313413414
265 0.18434905429782222
266 0.1206926556277863
267 0.017192345369819194
268 0.15657926636562716
269 0.12333876014962833
270 0.1293940196565646
271 0.2918271508982363
272 0.007171964377558061
273 0.0
274 0.0020545638508029816
275 0.07250070660675524
276 0.18579155495385663
277 0.26731276687401384
278 0.2522347323350286
279 0.19052678953703028
280 0.2751477206307639
281 0.07603118820930356
282 0.09870434279810292
283 0.2737014133578065
284 0.028948505186128525
285 0.13563644890769053
286 0.0
287 0.221709735110884
288 0.2859359801965382
289 0.12440047104054079
290 0.08605737039436677
291 0.08246377061783365
292 0.09601797570281947
293 0.2209729507104586
294 0.08031155126130332
295 0.0
296 0.27624218561169495
297 0.018410835497068234
298 0.008815397243241496
299 0.23715033787877796
