0 1,1
0 2,3
0 3,3
0 4,2
0 5,2
0 6,2
0 7,1
0 8,2
0 9,1
0 10,1
0 11,1
0 12,1
0 13,3
0 14,2
0 15,1
0 16,2
17 18,1
17 19,2
17 20,1
17 21,1
17 22,1
17 23,2
17 24,1
17 25,2
17 26,1
17 27,1
17 28,1
29 30,3
29 31,2
29 32,3
29 33,3
29 34,2
29 35,4
29 36,1
29 37,1
29 21,2
29 38,3
29 39,11
29 40,1
29 41,1
29 42,3
29 43,2
29 44,2
29 45,1
29 46,2
29 47,2
29 48,1
29 49,3
29 50,1
29 51,2
29 52,1
29 53,2
29 54,2
29 55,2
29 56,1
30 57,1
30 58,2
30 59,2
30 60,2
30 61,2
30 62,1
30 63,1
30 64,4
30 20,5
30 21,1
30 65,1
30 39,2
30 42,3
30 66,1
30 47,2
30 67,1
30 68,3
30 69,1
30 70,2
30 71,1
30 72,1
30 12,3
30 73,1
30 74,3
30 75,1
30 28,2
30 52,1
30 76,3
30 77,2
30 78,2
79 80,1
79 81,2
79 82,1
79 83,1
79 63,1
79 84,2
79 85,2
79 86,1
79 87,2
79 42,3
79 44,2
79 8,1
79 88,1
79 89,2
79 90,2
91 92,1
91 93,1
91 33,1
91 94,2
91 20,1
91 95,1
91 96,2
91 97,3
91 6,1
91 70,2
91 8,3
91 98,1
91 99,2
91 100,2
91 11,1
91 101,1
91 12,1
91 102,3
91 78,2
91 103,1
104 93,3
104 64,1
104 105,1
104 106,1
104 107,1
104 108,1
104 109,1
104 72,1
104 110,1
104 78,1
57 111,3
57 81,1
57 112,3
57 113,2
57 18,3
57 114,4
57 115,4
57 116,1
57 117,4
57 118,1
57 119,1
57 120,1
57 121,3
57 5,2
57 42,3
57 122,2
57 123,4
57 124,1
57 125,3
57 67,1
57 68,2
57 126,2
57 127,3
57 128,1
57 25,2
57 129,2
57 130,1
57 109,1
57 131,4
57 132,2
57 133,2
57 88,2
57 13,1
57 74,4
57 134,3
57 75,2
57 51,1
57 135,1
57 89,5
57 53,1
57 136,2
57 137,3
57 138,3
111 80,3
111 139,3
111 140,2
111 65,2
111 38,1
111 141,1
111 142,1
111 127,1
111 24,2
111 71,1
111 130,1
111 143,1
111 74,1
111 134,2
111 50,1
144 80,5
144 145,3
144 31,9
144 146,1
144 147,2
144 148,5
144 34,6
144 149,5
144 35,6
144 36,3
144 83,6
144 94,4
144 150,4
144 20,4
144 84,4
144 151,4
144 37,3
144 152,2
144 153,2
144 118,3
144 119,6
144 38,4
144 39,5
144 154,3
144 120,2
144 40,10
144 155,4
144 42,3
144 156,3
144 123,5
144 157,2
144 43,3
144 158,5
144 44,2
144 66,1
144 159,3
144 47,3
144 160,5
144 23,3
144 70,4
144 161,5
144 162,4
144 106,5
144 163,2
144 9,6
144 99,3
144 164,4
144 108,3
144 165,3
144 101,3
144 166,3
144 49,5
144 167,2
144 50,2
144 51,3
144 168,5
144 52,4
144 169,7
144 89,2
144 170,3
144 55,3
144 78,2
144 171,5
144 56,5
172 173,1
172 174,2
172 175,2
172 96,3
172 142,1
172 99,1
172 176,2
172 110,1
172 177,1
172 178,2
172 77,1
172 179,1
80 1,1
80 180,1
80 93,2
80 147,1
80 18,4
80 3,3
80 35,2
80 60,1
80 62,3
80 181,1
80 182,5
80 40,2
80 41,1
80 141,3
80 157,2
80 124,2
80 159,2
80 7,2
80 68,1
80 24,3
80 183,4
80 184,1
80 185,1
80 99,3
80 26,1
80 186,3
80 134,3
80 15,3
80 167,2
80 135,2
80 187,1
80 137,1
80 178,3
80 103,2
80 90,5
145 139,3
145 140,1
145 188,1
145 189,1
145 44,1
145 71,2
145 10,1
145 190,1
145 52,1
145 56,1
191 92,1
191 192,2
191 32,1
191 173,2
191 147,2
191 193,2
191 194,2
191 113,1
191 195,3
191 115,2
191 196,2
191 62,2
191 4,1
191 174,4
191 197,2
191 140,5
191 198,3
191 199,2
191 200,1
191 119,1
191 141,3
191 122,1
191 156,2
191 43,4
191 201,2
191 70,1
191 202,2
191 203,2
191 204,1
191 185,3
191 25,4
191 26,1
191 205,1
191 206,1
191 207,1
191 13,2
191 27,2
191 102,3
191 28,2
191 53,4
191 77,1
191 90,3
191 16,1
208 81,1
208 154,1
208 209,1
208 210,1
208 211,1
208 72,1
212 34,1
212 82,1
212 63,3
212 20,1
212 97,1
212 141,1
212 213,2
212 70,1
212 204,3
212 108,1
212 14,1
212 50,1
212 214,1
212 215,2
31 32,1
31 35,2
31 216,1
31 118,1
31 154,3
31 155,2
31 5,1
31 97,3
31 66,1
31 70,1
31 162,2
31 203,1
31 26,2
31 166,1
31 13,2
31 167,3
1 180,2
1 217,2
1 194,3
1 114,1
1 34,2
1 218,2
1 219,3
1 196,1
1 220,1
1 221,1
1 181,2
1 117,2
1 222,1
1 152,1
1 21,1
1 188,1
1 39,1
1 95,2
1 223,1
1 155,2
1 41,3
1 42,1
1 66,2
1 224,2
1 23,3
1 127,1
1 128,2
1 204,1
1 225,3
1 88,2
1 13,3
1 226,4
1 51,2
1 102,2
1 28,1
1 227,6
1 170,1
1 228,1
1 90,2
146 180,1
146 173,3
146 229,3
146 148,2
146 230,3
146 195,2
146 115,1
146 219,2
146 231,5
146 221,1
146 64,3
146 84,2
146 85,2
146 232,4
146 233,2
146 234,3
146 235,2
146 95,2
146 236,1
146 97,1
146 22,1
146 122,2
146 159,1
146 23,3
146 203,4
146 25,1
146 108,2
146 237,1
146 238,2
146 88,5
146 187,1
146 239,1
146 53,2
146 240,1
146 241,1
146 103,1
146 242,1
146 228,2
243 32,1
243 244,5
243 245,3
243 246,3
243 247,2
243 114,2
243 219,2
243 220,5
243 83,1
243 61,4
243 63,1
243 151,3
243 248,1
243 122,2
243 123,2
243 157,2
243 6,2
243 159,3
243 249,2
243 127,2
243 71,4
243 162,1
243 250,2
243 107,1
243 10,3
243 129,2
243 164,3
243 206,1
243 207,2
243 238,1
243 190,4
243 251,1
243 186,3
243 74,3
243 134,3
243 27,1
243 170,2
243 55,3
243 214,3
243 90,2
243 252,1
180 195,1
180 87,2
180 253,1
180 207,1
180 74,1
180 170,1
180 136,1
92 217,1
92 150,2
92 122,1
92 9,3
92 100,1
92 166,1
92 225,1
92 134,1
92 239,2
92 55,1
192 194,1
192 83,17
192 64,2
192 105,1
192 254,1
192 87,1
192 5,3
192 44,1
192 6,2
192 66,3
192 210,1
192 47,1
192 48,2
192 183,1
192 255,2
192 185,4
192 143,1
192 256,1
192 110,1
192 241,1
192 77,1
217 93,2
217 148,1
217 194,2
217 257,2
217 258,1
217 259,2
217 151,1
217 139,3
217 152,1
217 260,2
217 22,1
217 142,1
217 13,3
217 169,1
217 55,4
217 252,2
261 93,2
261 245,2
261 262,1
261 84,3
261 139,1
261 248,1
261 201,1
261 224,1
261 202,1
261 110,4
261 177,1
261 263,1
261 178,3
32 262,2
32 36,1
32 182,1
32 39,1
32 87,2
32 5,3
32 189,1
32 123,4
32 43,3
32 142,1
32 250,1
32 11,1
32 239,1
244 18,2
244 82,3
244 63,2
244 123,2
244 249,2
244 10,1
244 264,2
244 190,4
244 166,1
244 265,1
244 186,3
244 14,1
244 263,4
244 240,1
93 246,1
93 229,2
93 194,4
93 18,5
93 114,1
93 2,2
93 36,1
93 266,1
93 19,3
93 174,2
93 197,4
93 140,4
93 182,2
93 199,2
93 105,3
93 260,4
93 267,2
93 5,1
93 22,2
93 124,3
93 44,1
93 45,5
93 201,2
93 209,2
93 210,2
93 46,3
93 67,3
93 23,3
93 98,2
93 107,3
93 10,1
93 108,4
93 101,4
93 268,2
93 256,1
93 110,4
93 269,2
93 102,7
93 28,3
93 263,3
93 76,3
93 240,1
81 148,1
81 113,3
81 270,1
81 196,2
81 271,2
81 174,1
81 139,2
81 85,3
81 21,1
81 140,1
81 38,1
81 154,1
81 42,3
81 43,1
81 45,1
81 159,2
81 7,1
81 210,2
81 142,3
81 213,1
81 23,3
81 272,1
81 255,6
81 185,2
81 207,3
81 273,3
81 143,1
81 274,2
81 166,2
81 225,3
81 132,1
81 74,3
81 138,1
245 194,2
245 113,2
245 275,1
245 247,27
245 34,3
245 149,4
245 64,1
245 116,4
245 85,2
245 197,2
245 21,5
245 95,2
245 120,4
245 41,1
245 22,4
245 141,3
245 123,3
245 157,5
245 209,2
245 125,3
245 46,5
245 47,3
245 126,2
245 202,4
245 276,4
245 161,1
245 127,1
245 9,2
245 185,2
245 26,4
245 100,5
245 206,1
245 207,6
245 143,3
245 238,1
245 12,2
245 176,1
245 186,4
245 110,4
245 13,2
245 134,3
245 277,4
245 50,1
245 269,2
245 54,1
245 136,1
245 240,1
245 178,2
245 241,4
245 78,1
245 228,6
58 2,1
58 62,2
58 253,1
58 250,1
58 163,1
58 13,1
58 74,2
58 28,1
173 229,1
173 148,1
173 18,1
173 278,1
173 19,1
173 174,1
173 197,2
173 198,1
173 199,2
173 260,1
173 236,1
173 96,1
173 44,1
173 23,1
173 108,1
173 102,6
173 227,1
246 229,1
246 219,1
246 3,2
246 64,2
246 4,3
246 151,2
246 224,2
246 70,2
246 190,2
246 225,1
229 230,1
229 275,1
229 270,2
229 139,2
229 232,1
229 140,3
229 279,1
229 234,1
229 236,1
229 25,3
229 131,3
229 225,1
229 133,1
229 73,1
229 88,1
229 135,1
229 138,1
147 195,1
147 83,2
147 84,17
147 139,4
147 85,1
147 152,1
147 86,1
147 38,2
147 87,1
147 236,1
147 280,1
147 126,1
147 202,4
147 249,2
147 161,2
147 99,2
147 131,1
147 225,1
147 110,2
147 168,2
147 241,2
147 214,2
193 37,2
193 140,2
193 38,2
193 189,1
193 70,3
193 161,1
193 71,1
193 185,2
193 99,1
193 101,1
193 103,2
148 3,1
148 94,1
148 259,1
148 87,1
148 122,2
148 281,1
148 160,1
148 225,1
148 49,1
148 282,1
148 169,1
148 170,2
230 64,1
230 139,1
230 197,2
230 232,2
230 199,1
230 87,1
230 97,1
230 159,1
230 206,1
230 88,2
230 14,1
112 82,3
112 150,3
112 122,2
112 123,1
112 66,1
112 8,2
112 163,2
112 183,1
112 9,1
112 206,2
112 273,1
112 143,1
112 274,1
112 12,4
112 88,3
112 103,1
33 3,1
33 35,2
33 283,1
33 94,1
33 61,1
33 150,1
33 181,1
33 182,1
33 235,1
33 38,1
33 39,2
33 40,2
33 41,1
33 42,2
33 209,2
33 128,1
33 211,1
33 203,1
33 9,2
33 255,1
33 225,1
33 88,2
33 49,2
33 134,1
33 177,2
33 284,1
33 239,2
33 16,3
194 247,2
194 218,1
194 216,1
194 19,1
194 20,2
194 66,2
194 46,5
194 128,1
194 106,2
194 183,1
194 9,2
194 25,1
194 205,1
194 166,1
194 239,1
194 76,2
113 247,3
113 61,1
113 63,2
113 154,1
113 223,1
113 248,1
113 42,2
113 46,3
113 8,1
113 238,2
113 225,2
113 12,2
113 28,1
113 135,1
113 53,1
275 262,1
275 61,1
275 150,3
275 84,2
275 259,1
275 285,1
275 140,1
275 200,1
275 118,1
275 38,2
275 87,1
275 223,1
275 236,2
275 96,1
275 189,2
275 141,1
275 45,1
275 68,2
275 126,1
275 286,1
275 276,1
275 127,1
275 163,1
275 184,1
275 130,1
275 206,1
275 237,1
275 109,1
275 131,2
275 135,3
18 270,3
18 196,2
18 83,5
18 266,3
18 221,1
18 4,1
18 84,3
18 181,3
18 117,2
18 21,2
18 140,4
18 105,2
18 254,2
18 119,2
18 87,2
18 236,1
18 141,1
18 123,7
18 124,2
18 201,1
18 46,2
18 126,2
18 249,2
18 185,2
18 101,4
18 109,1
18 274,1
18 190,2
18 133,1
18 110,3
18 287,2
18 167,2
18 27,1
18 102,3
18 135,2
18 169,1
18 137,3
18 77,1
18 214,1
18 252,1
247 34,4
247 116,2
247 4,3
247 85,2
247 197,4
247 21,1
247 140,3
247 279,1
247 233,3
247 95,2
247 120,4
247 41,2
247 22,2
247 248,3
247 141,3
247 157,2
247 253,2
247 159,2
247 46,4
247 47,3
247 213,4
247 126,1
247 127,3
247 185,1
247 164,1
247 26,5
247 100,5
247 207,4
247 273,1
247 238,1
247 274,2
247 251,1
247 12,2
247 186,4
247 110,1
247 134,3
247 269,5
247 54,2
247 137,3
247 178,4
247 228,3
278 34,1
278 3,1
278 189,1
278 7,1
278 49,2
278 227,1
262 195,4
262 35,2
262 60,1
262 216,16
262 62,2
262 221,2
262 116,1
262 37,2
262 182,1
262 198,2
262 288,1
262 41,2
262 123,1
262 253,2
262 7,4
262 125,2
262 46,2
262 126,3
262 127,4
262 106,2
262 255,1
262 204,3
262 205,3
262 11,2
262 101,2
262 274,2
262 289,3
262 256,3
262 176,2
262 277,1
262 167,2
262 226,1
262 239,2
262 170,1
262 136,1
262 178,3
195 34,1
195 219,1
195 3,3
195 221,2
195 19,1
195 181,3
195 174,1
195 175,2
195 288,3
195 280,1
195 48,2
195 126,1
195 107,1
195 255,4
195 143,1
195 13,1
195 137,1
195 228,2
257 219,2
257 3,1
257 59,3
257 36,2
257 83,6
257 4,3
257 150,1
257 151,3
257 222,3
257 139,3
257 198,2
257 199,2
257 86,4
257 105,2
257 235,2
257 40,1
257 288,4
257 267,1
257 42,2
257 66,2
257 159,1
257 290,2
257 46,3
257 48,3
257 106,6
257 250,2
257 9,1
257 255,2
257 130,2
257 143,7
257 190,5
257 251,1
257 225,3
257 51,2
257 28,4
257 89,2
257 136,4
257 241,4
257 103,3
257 90,2
114 82,1
114 119,1
114 42,2
114 129,2
114 164,1
114 101,1
114 133,1
114 102,1
34 149,2
34 3,1
34 35,1
34 83,1
34 151,2
34 37,1
34 85,1
34 197,1
34 232,1
34 233,3
34 38,1
34 120,4
34 121,2
34 291,3
34 224,3
34 126,3
34 70,2
34 204,1
34 26,3
34 205,1
34 207,1
34 238,1
34 225,2
34 49,3
34 50,3
34 284,1
149 150,2
149 37,3
149 139,4
149 120,1
149 280,1
149 157,3
149 142,1
149 224,1
149 8,2
149 161,10
149 107,1
149 203,2
149 26,3
149 11,1
149 167,1
149 102,1
149 282,1
149 55,3
149 77,1
149 103,4
149 242,1
149 171,1
149 215,1
270 196,2
270 124,3
270 125,1
270 264,1
270 131,1
270 135,1
270 138,2
270 240,1
115 82,2
115 283,1
115 20,1
115 181,1
115 174,2
115 285,1
115 85,4
115 152,1
115 140,1
115 280,4
115 42,3
115 156,1
115 7,3
115 210,1
115 46,1
115 281,5
115 213,4
115 70,1
115 202,1
115 292,1
115 255,1
115 207,3
115 238,1
115 190,1
115 225,3
115 132,2
115 49,1
115 74,1
115 50,1
115 75,6
115 102,2
115 28,3
115 227,2
115 138,2
115 215,1
218 223,1
218 96,1
218 127,1
293 2,1
293 150,4
293 139,3
293 119,2
293 236,2
293 124,1
293 274,2
293 190,1
293 251,2
293 133,1
293 287,1
293 167,1
293 135,1
293 169,1
293 252,1
2 219,1
2 294,2
2 3,2
2 36,1
2 283,1
2 266,1
2 62,3
2 63,1
2 116,1
2 19,1
2 20,1
2 151,2
2 117,2
2 197,3
2 199,2
2 118,1
2 87,3
2 97,1
2 22,2
2 189,3
2 6,1
2 7,4
2 272,2
2 276,4
2 163,1
2 10,1
2 99,2
2 206,1
2 143,1
2 251,7
2 132,2
2 295,1
2 49,2
2 50,1
2 75,1
2 227,3
2 284,1
2 240,1
2 179,1
2 296,2
2 252,2
219 231,1
219 266,2
219 61,1
219 63,3
219 116,1
219 117,1
219 232,2
219 105,1
219 291,2
219 43,1
219 46,1
219 48,3
219 190,1
219 12,3
219 226,3
219 227,3
219 77,1
231 3,2
231 64,4
231 150,3
231 174,1
231 117,1
231 140,2
231 279,4
231 199,2
231 235,3
231 38,2
231 291,1
231 5,2
231 97,2
231 123,1
231 6,3
231 47,2
231 281,1
231 68,2
231 276,2
231 250,2
231 211,2
231 11,2
231 251,1
231 166,1
231 176,1
231 88,3
231 49,2
231 277,2
231 52,3
231 53,4
231 55,1
231 178,2
231 242,3
231 179,1
294 175,1
294 142,1
294 251,1
294 227,1
294 282,1
294 90,1
3 220,2
3 82,3
3 4,2
3 84,3
3 117,1
3 182,1
3 200,1
3 254,1
3 119,1
3 288,1
3 291,2
3 189,1
3 141,1
3 281,1
3 142,2
3 224,1
3 255,3
3 184,1
3 166,3
3 131,1
3 225,3
3 14,1
3 15,1
3 227,1
3 52,2
3 178,3
3 214,1
196 62,1
196 38,2
196 286,1
196 106,1
196 99,1
196 207,1
196 110,1
196 215,1
196 90,2
220 59,1
220 60,1
220 20,1
220 151,2
220 200,3
220 154,3
220 223,2
220 41,1
220 141,1
220 253,1
220 66,1
220 159,1
220 7,2
220 69,2
220 70,1
220 286,1
220 24,1
220 184,3
220 185,4
220 129,2
220 99,1
220 206,1
220 165,1
220 134,1
220 167,1
220 28,1
220 187,4
220 282,1
220 170,2
220 103,1
220 90,5
220 16,1
82 63,1
82 19,1
82 150,1
82 151,1
82 37,3
82 117,1
82 152,2
82 153,1
82 199,3
82 223,5
82 155,3
82 97,2
82 42,3
82 122,3
82 158,1
82 159,1
82 142,3
82 224,1
82 8,2
82 250,3
82 203,3
82 255,2
82 100,2
82 264,2
82 101,2
82 166,5
82 225,4
82 12,3
82 186,6
82 14,1
82 134,1
82 167,2
82 187,2
82 169,1
82 263,4
82 239,2
82 170,1
82 55,3
82 78,1
82 171,1
82 215,3
82 90,4
35 39,3
35 155,1
35 42,3
35 224,1
35 127,1
35 71,1
35 204,1
35 88,1
35 51,2
35 168,1
35 227,1
35 90,1
59 63,1
59 250,3
59 206,1
59 265,1
59 256,1
59 74,2
59 168,1
59 28,3
59 89,2
59 76,1
59 214,2
36 4,2
36 174,1
36 140,1
36 279,1
36 120,2
36 248,1
36 189,2
36 159,2
36 290,1
36 46,1
36 213,3
36 297,2
36 286,2
36 164,1
36 207,1
36 273,1
36 274,1
36 251,1
36 102,1
36 28,1
36 54,1
36 170,1
36 55,2
36 178,1
83 150,4
83 199,1
83 105,6
83 254,3
83 40,1
83 5,3
83 122,2
83 44,7
83 6,7
83 66,5
83 210,4
83 290,3
83 47,3
83 48,5
83 160,1
83 272,4
83 211,5
83 183,4
83 255,5
83 185,5
83 205,2
83 237,3
83 143,3
83 268,2
83 265,1
83 256,3
83 110,5
83 88,1
83 27,1
83 269,2
83 102,1
83 168,2
83 284,4
83 55,2
83 298,1
83 241,5
83 77,7
83 171,3
83 215,1
83 296,2
283 64,2
283 46,1
283 67,1
283 25,2
283 100,1
283 238,1
283 190,1
283 251,1
283 169,1
283 214,1
283 228,1
283 16,2
283 252,2
266 116,1
266 254,1
266 123,1
266 43,1
266 272,1
266 25,1
266 238,1
266 268,1
266 131,1
266 89,1
266 137,1
60 248,2
60 253,1
60 7,5
60 23,1
60 75,2
60 298,1
60 76,1
60 178,2
216 62,4
216 116,1
216 37,3
216 40,2
216 121,2
216 267,1
216 41,1
216 141,3
216 7,3
216 125,2
216 210,1
216 46,2
216 68,3
216 126,2
216 286,1
216 292,3
216 127,2
216 98,1
216 184,3
216 204,2
216 108,2
216 11,3
216 101,2
216 72,1
216 274,2
216 289,7
216 132,1
216 256,3
216 176,2
216 88,2
216 14,2
216 167,4
216 50,1
216 269,2
216 54,1
216 170,2
216 178,3
258 61,1
258 150,2
258 236,1
258 5,2
258 124,1
258 125,1
258 67,5
258 25,3
258 11,1
258 237,1
258 109,1
258 132,2
258 13,4
94 37,1
94 95,1
94 158,1
94 286,1
94 161,1
94 128,1
94 9,2
94 25,1
94 143,3
94 238,1
94 225,2
94 295,1
61 259,2
61 151,1
61 139,5
61 85,1
61 152,3
61 87,4
61 260,2
61 40,5
61 121,2
61 280,5
61 97,1
61 22,1
61 123,5
61 157,4
61 124,2
61 43,4
61 66,1
61 290,3
61 142,2
61 48,2
61 202,3
61 161,1
61 128,2
61 71,5
61 183,3
61 184,3
61 164,1
61 26,2
61 100,2
61 143,2
61 12,6
61 133,1
61 13,1
61 169,3
61 228,2
61 296,6
61 56,1
61 252,2
62 22,1
62 141,2
62 159,1
62 276,1
62 184,2
62 205,2
62 274,2
62 54,2
62 215,1
221 181,1
221 140,1
221 154,1
221 7,1
221 23,3
221 183,2
221 255,1
221 26,1
221 190,1
221 167,1
221 263,2
221 54,1
221 215,1
271 5,2
271 41,1
271 123,1
271 299,1
271 142,2
271 48,1
271 8,2
271 276,1
271 98,1
271 255,2
271 12,1
271 263,1
63 64,1
63 174,3
63 279,2
63 200,3
63 223,1
63 175,1
63 141,2
63 44,1
63 253,1
63 201,3
63 46,3
63 67,3
63 70,1
63 161,1
63 128,1
63 183,1
63 9,1
63 204,4
63 190,4
63 289,2
63 14,4
63 269,1
63 227,7
63 169,1
63 242,1
63 214,3
63 215,3
63 228,1
63 16,1
63 252,1
64 4,3
64 20,7
64 37,1
64 117,2
64 285,2
64 197,3
64 21,2
64 233,3
64 119,1
64 260,1
64 175,1
64 121,2
64 5,6
64 280,3
64 97,6
64 189,2
64 122,1
64 158,2
64 6,7
64 224,3
64 160,2
64 23,2
64 70,7
64 8,3
64 162,4
64 99,2
64 100,2
64 264,2
64 11,3
64 101,1
64 274,1
64 12,3
64 186,3
64 49,3
64 134,3
64 15,4
64 102,2
64 135,1
64 282,7
64 263,4
64 55,2
64 78,4
64 103,1
64 214,5
64 228,2
64 179,2
116 70,1
116 202,1
116 161,1
116 107,1
116 99,2
116 207,1
116 274,1
116 131,1
116 239,1
4 151,2
4 197,4
4 234,2
4 235,3
4 120,2
4 121,1
4 267,1
4 189,1
4 201,2
4 209,1
4 290,3
4 67,1
4 128,1
4 71,1
4 203,1
4 72,1
4 190,2
4 289,3
4 132,1
4 256,1
4 269,4
4 76,2
4 16,2
19 259,1
19 139,2
19 197,2
19 21,2
19 140,3
19 198,2
19 65,1
19 200,2
19 22,4
19 122,2
19 156,2
19 43,2
19 201,2
19 213,3
19 70,2
19 202,2
19 292,1
19 204,3
19 185,2
19 205,1
19 207,3
19 176,2
19 177,2
19 102,3
19 228,2
19 16,1
150 151,2
150 139,5
150 152,6
150 140,4
150 198,1
150 279,4
150 86,2
150 234,3
150 119,2
150 236,6
150 43,2
150 7,2
150 210,4
150 48,2
150 292,1
150 107,4
150 203,5
150 185,2
150 25,3
150 164,2
150 108,4
150 130,1
150 11,1
150 273,4
150 268,1
150 131,1
150 225,3
150 133,2
150 73,1
150 88,3
150 135,4
150 239,4
150 138,1
150 103,2
20 259,2
20 85,3
20 197,2
20 21,1
20 198,3
20 105,5
20 200,3
20 154,1
20 288,3
20 157,2
20 46,1
20 47,5
20 67,2
20 142,1
20 224,1
20 249,2
20 24,2
20 106,3
20 211,3
20 107,2
20 129,2
20 108,3
20 101,3
20 109,4
20 72,2
20 110,4
20 49,2
20 15,2
20 50,1
20 28,3
20 52,1
20 282,2
20 138,4
20 76,2
20 240,1
20 77,4
20 78,5
20 103,2
84 181,3
84 139,7
84 85,5
84 152,4
84 86,2
84 234,2
84 118,2
84 119,2
84 39,1
84 40,2
84 155,1
84 236,3
84 96,1
84 280,3
84 6,1
84 45,4
84 253,2
84 210,2
84 48,3
84 126,6
84 202,4
84 249,6
84 161,2
84 107,3
84 99,3
84 11,5
84 207,5
84 237,3
84 274,1
84 289,1
84 131,6
84 225,4
84 110,4
84 51,3
84 168,2
84 136,2
84 241,6
84 214,4
181 222,1
181 182,1
181 288,1
181 280,2
181 123,1
181 124,1
181 126,2
181 106,1
181 255,4
181 264,1
181 226,2
181 136,1
181 240,1
181 178,3
181 241,1
259 117,2
259 87,4
259 5,1
259 290,1
259 129,3
259 207,1
259 133,1
259 102,1
259 28,1
259 54,1
259 55,1
259 77,1
259 56,1
174 21,1
174 200,1
174 97,2
174 156,2
174 6,1
174 67,2
174 213,1
174 161,1
174 190,1
174 176,1
174 177,1
174 102,5
174 53,2
174 228,1
151 197,3
151 199,4
151 235,3
151 223,1
151 299,1
151 253,2
151 7,3
151 23,1
151 8,1
151 108,1
151 52,1
151 169,2
37 140,3
37 182,2
37 118,1
37 87,1
37 95,1
37 154,2
37 288,1
37 280,2
37 299,1
37 68,4
37 48,1
37 126,4
37 106,2
37 203,2
37 255,1
37 108,2
37 205,2
37 143,2
37 289,3
37 268,3
37 12,2
37 13,1
37 177,1
37 51,2
37 227,1
37 135,4
37 187,3
37 263,1
37 178,1
37 241,2
37 103,6
37 171,1
37 228,2
37 296,1
117 199,3
117 260,1
117 40,1
117 5,1
117 209,1
117 125,1
117 24,2
117 165,1
117 72,2
117 295,4
117 73,1
117 287,2
117 88,1
117 102,2
117 89,1
117 53,2
117 54,2
117 138,2
117 76,1
117 78,1
285 234,1
285 200,1
285 38,4
285 154,2
285 120,1
285 40,2
285 224,2
285 69,1
285 162,2
285 9,1
285 206,1
285 11,4
285 190,1
285 49,1
285 14,2
285 239,2
285 90,1
285 56,1
222 38,1
222 154,1
222 162,1
222 264,2
222 11,1
222 143,1
222 28,2
222 263,1
222 241,1
139 232,4
139 140,4
139 153,2
139 188,3
139 105,3
139 200,1
139 119,5
139 288,1
139 121,1
139 22,3
139 248,2
139 189,2
139 43,3
139 6,2
139 142,9
139 213,3
139 297,4
139 69,3
139 202,2
139 249,5
139 161,4
139 24,1
139 183,3
139 185,5
139 99,4
139 207,2
139 237,6
139 165,1
139 101,2
139 143,4
139 274,3
139 251,1
139 268,2
139 50,2
139 51,4
139 227,1
139 52,4
139 137,2
139 103,2
139 296,1
85 198,2
85 38,2
85 248,2
85 201,1
85 23,2
85 272,2
85 107,1
85 207,4
85 138,3
85 296,1
152 198,1
152 105,1
152 234,2
152 40,2
152 280,2
152 122,1
152 43,3
152 48,4
152 107,3
152 203,3
152 75,3
152 227,1
152 252,3
197 199,3
197 235,4
197 260,4
197 236,2
197 22,3
197 141,1
197 124,3
197 45,1
197 7,2
197 125,4
197 47,2
197 281,3
197 213,4
197 69,2
197 276,2
197 162,1
197 255,2
197 184,1
197 204,1
197 129,1
197 130,1
197 165,2
197 109,2
197 251,5
197 268,2
197 14,3
197 269,1
197 136,1
197 55,1
21 39,2
21 154,1
21 122,1
21 123,2
21 125,1
21 142,1
21 276,2
21 102,4
21 136,1
21 55,1
232 291,2
232 8,1
232 206,2
232 237,2
232 110,1
232 88,2
232 52,1
232 282,1
232 90,2
140 65,2
140 279,1
140 95,3
140 121,1
140 236,2
140 141,2
140 122,2
140 253,1
140 159,1
140 70,1
140 8,1
140 106,2
140 211,2
140 107,2
140 203,4
140 25,1
140 100,1
140 176,5
140 167,1
182 87,1
182 210,1
182 126,2
182 277,1
182 137,2
182 103,3
182 90,2
153 175,4
153 280,1
153 123,1
153 299,1
153 249,1
153 107,2
153 238,1
153 49,3
153 167,2
153 50,2
153 284,1
198 156,1
198 299,2
198 46,2
198 281,1
198 202,1
198 272,2
198 106,3
198 206,1
198 101,1
198 274,1
198 13,2
198 49,1
198 102,3
198 28,2
198 89,2
198 215,2
65 87,2
65 96,1
65 291,1
65 5,2
65 42,3
65 201,1
65 281,3
65 68,1
65 250,1
65 211,1
65 163,1
65 164,1
65 130,3
65 207,2
65 166,1
65 176,3
65 49,1
65 168,1
65 28,3
65 135,3
65 55,2
65 76,1
65 178,2
279 199,1
279 210,1
279 47,1
279 281,1
279 161,2
279 255,2
279 204,1
279 130,1
279 287,1
279 14,2
279 282,1
279 55,4
279 103,2
199 124,1
199 43,1
199 106,2
199 183,2
199 100,2
199 277,1
199 167,1
199 240,2
188 280,1
188 213,1
188 69,2
188 70,1
188 237,1
188 177,1
188 75,1
188 227,1
233 236,1
233 97,1
233 22,1
233 224,3
233 26,3
233 205,1
233 134,1
233 263,2
86 42,1
86 250,1
86 25,1
86 103,1
86 296,1
86 252,1
105 121,2
105 157,2
105 69,1
105 286,1
105 249,1
105 24,3
105 211,2
105 163,1
105 108,1
105 109,1
105 132,1
105 295,1
105 269,2
105 284,2
105 137,2
105 78,1
105 103,2
105 252,1
234 119,2
234 122,1
234 47,1
234 69,2
234 203,4
234 289,2
234 131,1
234 16,1
200 201,2
200 69,1
200 286,2
200 107,2
200 204,3
200 101,2
200 274,3
200 284,1
200 169,1
200 263,1
200 239,1
200 138,1
200 215,1
254 141,1
254 209,1
254 67,1
254 126,1
254 107,1
254 25,1
254 134,1
254 168,1
254 137,1
254 90,1
235 95,1
235 41,1
235 125,1
235 69,1
235 250,2
235 14,1
235 178,1
118 106,4
118 183,1
118 205,1
118 11,1
118 166,2
118 131,4
118 225,1
118 133,1
118 263,1
118 136,1
118 252,1
119 38,2
119 154,4
119 40,3
119 236,1
119 248,3
119 123,2
119 157,1
119 201,5
119 213,1
119 297,1
119 69,1
119 71,2
119 107,1
119 108,3
119 176,1
119 49,3
119 277,1
119 75,1
119 28,2
119 227,2
119 240,2
38 87,3
38 120,5
38 175,2
38 291,3
38 248,1
38 189,3
38 299,1
38 44,4
38 201,4
38 210,1
38 68,1
38 202,3
38 286,2
38 249,4
38 161,2
38 127,3
38 71,6
38 9,4
38 255,4
38 10,3
38 11,7
38 143,3
38 109,2
38 72,1
38 190,2
38 251,2
38 132,3
38 88,3
38 269,3
38 168,2
38 187,1
38 52,3
38 138,3
38 214,2
38 215,2
38 56,4
39 155,1
39 41,2
39 299,2
39 158,1
39 6,1
39 45,1
39 46,1
39 48,2
39 70,2
39 183,1
39 53,1
39 54,2
39 296,1
87 120,2
87 175,3
87 236,2
87 5,4
87 41,1
87 248,5
87 42,4
87 122,2
87 123,5
87 43,1
87 210,3
87 67,2
87 70,2
87 202,6
87 128,5
87 98,2
87 163,1
87 255,1
87 185,2
87 25,5
87 10,4
87 129,3
87 130,2
87 190,4
87 131,2
87 132,2
87 133,4
87 73,3
87 88,5
87 13,2
87 74,3
87 14,3
87 177,2
87 75,3
87 28,4
87 53,1
87 136,3
87 137,2
87 171,4
87 296,5
95 24,1
95 211,1
95 238,2
95 225,3
95 88,1
95 277,1
95 226,2
95 168,1
95 241,2
95 214,1
154 223,2
154 267,1
154 5,3
154 248,3
154 42,2
154 157,2
154 201,3
154 48,1
154 224,1
154 162,5
154 185,4
154 129,2
154 164,1
154 108,2
154 101,1
154 143,2
154 72,3
154 268,1
154 176,2
154 133,1
154 73,1
154 14,2
154 167,5
154 50,1
154 102,3
154 135,2
154 54,2
154 78,1
154 16,1
120 175,1
120 291,2
120 189,3
120 253,1
120 224,1
120 126,3
120 14,4
120 269,2
120 241,1
260 123,1
260 43,1
260 46,1
260 213,2
260 69,2
260 106,2
260 98,1
260 99,2
260 165,2
260 238,3
260 274,2
260 265,1
260 277,1
260 28,3
260 89,1
260 54,2
260 170,1
260 55,1
260 241,2
40 280,1
40 248,5
40 156,2
40 44,4
40 253,2
40 201,2
40 142,2
40 224,3
40 202,1
40 161,4
40 9,2
40 99,3
40 11,5
40 273,2
40 143,3
40 186,3
40 295,2
40 110,3
40 287,1
40 177,1
40 75,4
40 102,3
40 168,3
40 28,1
40 263,1
40 178,3
40 228,2
40 179,2
40 296,4
223 175,1
223 96,3
223 189,1
223 201,2
223 128,1
223 203,2
223 165,2
223 72,2
223 166,2
223 12,2
223 110,1
223 74,2
223 51,1
223 187,3
223 282,1
223 239,1
223 55,2
175 96,2
175 280,6
175 41,3
175 248,2
175 141,2
175 124,1
175 43,1
175 142,6
175 69,2
175 126,3
175 8,2
175 127,1
175 24,3
175 71,2
175 98,2
175 163,2
175 108,1
175 26,1
175 130,4
175 264,1
175 206,1
175 143,3
175 238,4
175 186,3
175 49,2
175 74,4
175 134,1
175 50,3
175 27,1
175 226,2
175 51,2
175 28,3
175 282,2
175 170,2
175 76,3
175 171,1
288 42,1
288 66,2
288 249,2
288 24,2
288 129,1
288 164,1
288 130,1
288 135,1
288 90,2
121 122,2
121 124,1
121 299,1
121 101,3
121 49,2
121 167,2
121 75,1
121 284,2
121 137,2
121 228,1
121 179,1
155 236,1
155 41,3
155 22,3
155 7,1
155 209,1
155 47,2
155 224,3
155 160,1
155 70,1
155 8,1
155 203,3
155 26,2
155 205,2
155 273,1
155 225,3
155 277,1
155 177,4
155 263,2
155 239,3
267 124,2
267 253,3
267 142,1
267 24,1
267 10,1
267 264,1
267 289,2
267 225,2
267 14,2
267 15,1
267 263,2
267 53,2
236 299,1
236 210,2
236 281,2
236 67,2
236 161,3
236 106,1
236 203,3
236 25,3
236 205,1
236 55,2
236 103,2
96 42,1
96 45,1
96 7,1
96 213,2
96 69,1
96 163,1
96 99,2
96 100,1
96 72,2
96 166,1
96 282,1
96 263,1
96 178,1
96 228,1
291 5,1
291 66,2
291 48,2
291 224,2
291 272,1
291 10,1
291 164,2
291 166,1
291 14,1
291 168,1
291 52,4
5 41,3
5 189,3
5 123,3
5 43,2
5 7,1
5 68,2
5 48,2
5 272,3
5 25,4
5 164,2
5 108,3
5 205,4
5 72,4
5 268,1
5 176,1
5 13,3
5 15,2
5 50,1
5 282,1
5 137,2
5 138,3
5 77,2
5 228,1
280 22,1
280 248,1
280 42,2
280 157,1
280 45,2
280 7,1
280 210,1
280 290,3
280 48,1
280 23,1
280 70,1
280 8,4
280 100,1
280 264,2
280 109,2
280 132,4
280 186,2
280 277,2
280 75,3
280 187,3
280 282,1
280 89,1
280 137,1
280 55,1
280 240,2
280 178,2
280 214,3
97 22,1
97 189,3
97 141,2
97 43,2
97 6,4
97 66,1
97 209,3
97 71,3
97 163,1
97 203,5
97 185,1
97 25,2
97 108,2
97 26,6
97 238,1
97 132,1
97 73,2
97 13,1
97 15,3
97 27,2
97 102,4
97 28,1
97 135,1
97 78,2
97 171,1
97 228,3
97 90,2
41 142,1
41 224,2
41 99,3
41 164,2
41 130,2
41 205,3
22 156,1
22 209,2
22 47,3
22 67,2
22 297,1
22 272,1
22 203,3
22 207,3
22 109,1
248 42,4
248 45,1
248 201,3
248 7,2
248 281,1
248 142,4
248 23,4
248 128,1
248 108,2
248 74,3
248 177,1
248 75,1
248 102,4
248 178,1
248 242,1
248 296,2
189 276,1
189 71,1
189 25,2
189 50,2
189 51,2
189 284,2
141 201,2
141 125,2
141 69,1
141 274,3
141 15,2
141 76,1
42 281,2
42 23,5
42 162,1
42 98,2
42 10,1
42 99,1
42 74,2
122 6,2
122 210,2
122 211,1
122 164,1
122 55,1
156 44,2
156 25,1
156 12,1
156 227,1
156 52,1
123 43,2
123 66,1
123 70,1
123 71,1
123 12,3
123 134,2
123 169,2
123 89,1
123 55,1
157 253,1
157 46,1
157 224,2
157 126,1
157 276,1
157 292,1
157 183,2
157 184,1
157 99,1
157 26,3
157 205,1
157 132,1
157 256,1
157 133,1
157 110,1
157 277,1
157 167,1
157 53,1
157 215,1
157 16,1
124 209,1
124 125,3
124 281,1
124 8,1
124 24,2
124 250,1
124 163,1
124 164,1
124 205,1
124 165,2
124 72,3
124 131,1
124 133,3
124 295,1
124 287,2
124 53,1
124 136,2
124 138,3
124 298,1
124 296,1
299 6,3
299 253,1
299 201,2
299 281,5
299 67,2
299 213,1
299 48,2
299 23,1
299 100,1
299 207,2
299 237,1
299 131,1
299 225,1
299 132,1
299 186,2
299 49,4
299 27,1
299 51,1
299 169,4
299 178,1
299 241,4
43 213,4
43 69,2
43 26,2
43 72,1
43 102,3
43 168,1
43 169,1
43 54,1
158 66,1
158 209,2
158 210,1
158 47,2
158 67,4
158 202,1
158 106,1
158 211,5
158 163,1
158 108,1
158 264,3
158 11,1
158 101,2
158 72,3
158 131,2
158 295,2
158 15,1
158 277,1
158 187,1
158 263,1
158 78,3
158 242,1
44 290,1
44 272,1
44 249,1
44 205,1
44 273,1
44 109,1
44 132,1
44 102,4
44 171,1
6 201,1
6 159,2
6 281,2
6 249,1
6 24,2
6 268,2
6 88,3
6 14,2
6 277,3
6 284,2
6 52,1
6 282,2
6 169,1
6 263,2
6 239,3
6 53,1
6 55,3
6 179,2
6 16,2
45 290,2
45 126,1
45 70,2
45 202,1
45 71,2
45 107,1
45 185,1
45 10,2
45 108,2
45 274,1
45 110,3
45 74,1
45 263,3
45 214,2
253 159,2
253 7,7
253 46,1
253 281,2
253 8,3
253 161,2
253 71,1
253 162,1
253 9,2
253 185,1
253 25,3
253 10,4
253 99,1
253 164,2
253 11,5
253 207,6
253 166,2
253 12,3
253 13,2
253 74,1
253 14,4
253 15,5
253 239,1
253 103,3
253 171,5
253 90,1
253 16,2
201 290,1
201 128,3
201 9,2
201 256,2
201 134,1
201 137,1
201 241,1
66 290,3
66 46,3
66 67,2
66 297,1
66 48,2
66 127,2
66 106,5
66 183,1
66 203,2
66 185,4
66 164,2
66 237,2
66 190,1
66 12,4
66 269,1
66 226,1
66 227,5
66 103,3
66 16,1
159 207,5
159 49,1
159 263,2
159 136,1
159 178,2
159 171,2
7 281,7
7 68,4
7 184,1
7 25,5
7 205,3
7 11,1
7 101,1
7 268,1
7 166,6
7 49,2
7 75,2
7 168,1
7 227,3
7 135,2
7 284,1
7 228,2
7 179,1
209 69,1
209 23,2
209 71,1
209 211,2
209 164,1
209 100,2
209 237,1
209 289,2
209 295,2
209 27,1
209 269,2
209 102,2
209 284,3
209 187,1
209 137,2
125 74,1
125 136,3
210 67,3
210 249,2
210 211,1
210 273,2
210 289,1
210 74,1
290 47,2
290 67,1
290 69,1
290 106,2
290 203,1
290 129,1
290 108,2
290 289,4
290 132,2
290 49,1
290 269,2
290 226,1
290 168,1
290 52,1
290 263,1
290 137,3
290 138,1
290 298,1
290 296,2
290 16,1
46 47,4
46 203,1
46 100,2
46 15,2
46 167,1
46 227,2
46 89,1
46 298,1
46 242,1
46 296,1
47 67,2
47 8,2
47 211,4
47 109,4
47 289,2
47 89,2
47 179,1
281 213,5
281 163,1
281 130,1
281 14,2
281 27,1
281 75,2
281 135,2
281 284,2
281 138,3
281 77,1
67 202,1
67 25,4
67 264,1
67 237,2
67 109,4
67 238,1
67 251,1
67 132,4
67 13,1
67 51,1
67 227,3
67 169,2
67 78,1
142 48,1
142 249,1
142 276,4
142 250,2
142 255,2
142 184,3
142 108,2
142 165,1
142 274,1
142 166,1
142 51,2
142 52,2
142 53,2
142 242,1
142 179,1
142 90,1
213 69,4
213 202,3
213 204,2
213 100,1
213 269,1
213 28,3
213 227,2
213 284,1
213 52,1
213 263,1
213 54,2
213 138,1
213 215,1
68 69,1
68 250,3
68 163,2
68 109,2
68 289,2
68 268,3
68 12,2
68 256,2
68 73,2
68 135,5
68 52,3
297 161,1
297 24,1
297 106,3
297 163,1
297 99,2
297 295,1
297 110,3
297 269,1
297 170,2
297 178,3
297 78,1
48 272,2
48 129,1
48 190,1
48 295,1
48 284,1
48 137,3
48 241,2
48 252,1
224 286,1
224 162,2
224 183,2
224 225,1
224 265,1
224 186,3
224 14,4
224 177,3
224 263,3
224 296,1
160 70,1
160 162,1
160 264,1
160 49,1
69 126,1
69 249,1
69 71,1
69 190,1
69 289,2
23 98,2
23 25,1
23 26,2
23 225,2
23 134,1
23 102,3
23 168,2
23 28,1
23 227,2
23 284,1
23 263,1
126 165,1
126 238,2
126 289,6
126 256,3
126 13,1
126 49,1
126 14,2
126 277,2
126 187,3
126 240,1
126 171,1
126 90,3
70 204,4
70 185,4
70 99,3
70 101,2
70 274,1
70 190,2
70 268,1
70 265,1
70 176,1
70 186,3
70 110,1
70 177,3
70 263,2
70 53,1
70 178,1
70 77,2
70 296,1
202 292,1
202 71,5
202 106,1
202 107,3
202 10,2
202 186,3
202 110,1
202 14,3
202 177,3
202 269,2
202 239,2
202 240,2
202 90,1
286 272,1
286 71,2
286 183,3
286 203,2
286 204,2
286 206,1
286 273,3
286 143,4
286 274,3
286 265,1
286 287,1
286 88,3
286 14,1
286 277,3
286 27,3
286 135,2
286 169,1
286 53,2
286 136,3
286 241,2
286 103,2
286 215,2
272 161,2
272 183,3
272 184,1
272 13,1
272 282,1
272 55,2
272 77,3
249 276,1
249 161,1
249 127,1
249 71,2
249 26,1
249 11,2
249 237,2
249 15,1
249 263,1
249 252,1
8 250,1
8 98,2
8 11,4
8 207,1
8 109,3
8 12,9
8 132,1
8 186,2
8 110,2
8 167,1
8 168,2
8 227,1
8 89,5
8 239,1
8 103,6
8 56,1
276 24,1
276 184,3
276 25,1
276 190,1
276 251,3
276 186,1
276 73,1
276 49,2
276 53,1
276 228,1
276 16,1
161 106,2
161 98,2
161 203,2
161 99,2
161 26,2
161 11,5
161 166,1
161 295,1
161 167,3
161 102,3
161 137,1
161 55,4
161 77,3
161 103,5
161 242,1
161 171,2
161 215,2
292 162,2
292 204,2
292 129,1
292 108,5
292 130,1
292 268,1
292 73,1
292 14,4
292 50,2
292 226,2
292 168,2
292 137,1
292 138,1
292 215,3
127 71,2
127 106,2
127 12,1
127 88,3
127 137,2
127 56,1
24 250,1
24 98,2
24 183,2
24 25,3
24 130,1
24 143,4
24 225,2
24 295,4
24 287,1
24 277,2
24 51,1
24 187,1
24 239,2
24 138,2
24 179,1
24 90,3
128 98,1
128 12,1
128 295,1
128 73,1
128 88,2
128 134,1
128 171,1
71 10,4
71 190,5
71 186,4
71 88,2
71 14,3
71 15,5
71 277,2
71 284,2
71 187,3
71 263,1
71 170,1
71 136,3
71 298,1
71 76,1
71 240,2
71 215,1
71 296,3
71 90,2
162 238,1
162 190,1
162 226,2
162 282,1
162 54,1
162 171,2
162 215,1
106 99,4
106 100,3
106 165,1
106 143,4
106 72,2
106 166,3
106 176,3
106 133,1
106 28,1
106 263,1
106 54,1
106 178,2
106 103,5
250 143,1
250 251,2
250 166,2
250 256,2
250 74,2
250 14,2
250 52,1
250 263,1
250 55,3
98 295,1
98 167,3
98 50,1
98 102,4
211 9,1
211 255,1
211 101,1
211 277,3
211 239,2
211 55,1
211 77,1
211 78,2
211 242,3
163 264,1
163 206,5
163 72,4
163 12,2
163 73,6
163 102,1
163 28,3
163 169,2
163 241,2
163 77,2
163 78,6
163 56,3
163 252,1
107 203,3
107 255,5
107 164,1
107 11,1
107 273,1
107 274,2
107 251,1
107 49,2
107 134,3
107 15,2
107 177,2
107 28,1
107 284,3
107 239,3
107 138,3
107 298,1
107 296,1
183 184,1
183 185,4
183 100,2
183 205,5
183 237,2
183 274,2
183 166,1
183 15,2
183 169,1
183 54,4
183 241,1
183 103,3
183 215,1
183 90,3
183 252,5
203 204,2
203 108,3
203 165,1
203 289,2
203 132,1
203 88,4
203 50,1
203 51,1
203 76,1
203 179,1
9 26,1
9 11,2
9 237,1
9 143,6
9 166,2
9 176,1
9 73,1
9 287,1
9 13,4
9 49,1
9 134,6
9 167,1
9 177,3
9 75,2
9 28,1
9 89,1
9 239,7
9 170,1
9 76,1
9 56,2
255 185,1
255 207,1
255 274,2
255 251,4
255 268,5
255 186,3
255 287,1
255 14,2
255 15,2
255 226,3
255 263,3
255 138,3
255 178,3
255 214,1
255 296,2
184 100,1
184 53,1
184 170,2
184 16,1
204 268,3
204 227,3
204 178,2
185 237,3
185 143,3
185 12,2
185 256,1
185 133,3
185 277,1
185 28,3
185 187,3
185 54,2
25 205,2
25 190,1
25 166,1
25 131,4
25 225,3
25 12,1
25 133,1
25 73,3
25 13,3
25 53,3
25 170,1
25 138,4
25 252,3
10 99,1
10 164,1
10 133,1
10 88,2
10 103,1
10 214,2
129 14,3
129 89,1
129 171,1
99 130,1
99 205,1
99 237,2
99 143,4
99 110,2
99 167,2
99 282,1
99 77,3
164 225,1
164 74,2
164 177,1
164 169,2
164 170,1
108 26,1
108 264,1
108 109,1
108 73,2
108 168,2
108 137,3
108 214,1
26 12,1
26 177,2
26 50,3
26 228,3
130 143,2
130 190,2
130 12,1
130 269,1
130 28,2
130 187,1
130 89,2
130 76,1
130 215,2
100 143,3
100 166,2
100 13,1
100 14,1
100 282,1
100 169,2
100 137,3
264 101,1
264 256,3
264 73,1
264 167,1
264 28,1
264 52,1
264 263,3
264 55,1
264 76,1
264 240,4
264 214,3
264 56,1
205 165,1
205 72,1
205 15,2
205 277,2
205 103,3
205 228,3
205 252,1
206 88,3
206 277,4
206 102,2
206 89,2
206 170,1
206 90,5
11 251,2
11 166,3
11 131,3
11 12,1
11 132,3
11 134,3
11 15,2
11 269,2
11 75,1
11 239,4
207 268,1
207 166,3
207 12,1
207 176,3
207 241,3
207 214,1
207 215,1
237 15,1
237 75,1
237 135,1
237 284,1
165 49,2
165 277,1
165 187,3
165 169,1
273 132,1
273 186,1
273 74,1
273 135,3
273 263,2
273 215,2
101 166,3
101 110,2
101 287,1
101 102,3
101 214,2
101 215,1
143 176,2
143 287,3
143 136,2
143 138,3
143 215,3
109 132,3
109 169,2
109 77,1
72 131,1
72 176,2
72 295,3
72 73,1
72 269,2
72 138,4
72 78,1
72 56,1
238 225,7
238 277,4
238 27,2
238 226,6
238 102,1
238 28,2
238 227,3
238 187,3
238 89,2
238 170,3
238 240,1
238 178,1
238 214,2
238 228,5
238 16,1
274 190,2
274 268,2
274 74,1
274 167,3
274 227,1
274 284,2
274 263,3
274 54,2
274 136,4
274 76,1
274 241,3
274 215,3
274 90,2
274 252,1
190 88,2
190 51,1
190 263,2
190 136,2
190 241,1
190 103,2
190 215,2
190 16,2
251 225,1
251 132,3
251 14,3
289 14,3
289 269,4
289 76,2
289 90,1
268 263,3
268 90,1
166 228,1
131 136,5
131 241,1
225 277,2
225 226,1
225 28,2
225 239,2
225 170,2
265 186,3
265 27,3
265 28,2
265 214,1
12 226,1
12 227,2
12 187,3
12 89,1
12 179,1
132 277,2
132 284,1
132 187,2
256 226,1
256 52,1
256 171,1
256 214,1
256 56,1
176 179,1
186 49,2
186 134,4
186 226,1
186 187,3
186 178,6
186 90,3
133 287,1
133 171,1
295 49,1
295 137,1
110 74,2
110 269,1
110 168,3
110 282,1
110 170,2
110 178,3
110 77,3
110 228,2
73 134,2
73 28,1
73 135,4
73 53,3
73 241,1
88 169,2
13 177,3
13 28,2
13 55,1
13 252,1
49 227,2
49 135,1
49 53,2
49 16,2
74 226,1
74 170,3
14 15,2
14 177,1
14 168,1
134 269,1
134 135,3
134 89,2
134 90,2
15 167,1
15 138,1
15 242,1
15 296,1
277 177,1
277 27,1
277 226,1
277 102,2
277 168,1
277 284,3
277 187,8
277 239,7
277 53,5
277 170,4
277 240,5
277 241,4
277 103,3
277 242,3
277 228,2
167 76,3
167 179,1
167 16,1
177 263,3
177 239,2
177 16,2
50 179,1
27 135,1
27 53,3
27 214,2
27 16,1
269 137,2
269 76,2
75 102,2
75 28,3
75 239,2
75 171,1
75 296,1
226 138,3
226 178,1
226 77,1
51 168,2
51 284,1
51 169,1
51 228,1
102 76,2
168 227,4
168 52,2
168 138,1
168 178,1
168 103,3
168 214,4
168 179,1
227 103,4
227 242,1
227 214,2
227 16,3
135 239,1
135 215,1
135 228,2
284 136,1
284 241,2
187 170,2
187 214,1
282 170,1
282 55,6
282 214,2
282 90,3
169 78,2
169 252,4
89 53,1
89 215,2
89 90,2
89 56,2
239 240,2
239 16,2
53 54,1
54 90,1
170 242,1
136 241,3
136 90,3
55 214,4
138 252,1
298 178,1
298 296,6
76 178,1
76 77,2
240 228,1
241 77,2
78 56,2
78 252,1
103 171,1
171 90,2
296 252,2
