0 0.2276573065810046
1 0.08804608824687794
2 0.13842460422865144
3 0.04546235783515884
4 0.15677094006314357
5 0.11697432405541658
6 0.006604208775694397
7 0.23682290663393074
8 0.0
9 0.0
10 0.08241910153745988
11 0.1789679418900333
12 0.05581426490439393
13 0.0
14 0.0
15 0.0
16 0.08984283089122191
17 0.0727774318035114
18 0.17088272708328184
19 0.16917067911763092
20 0.0
21 0.02292777608915526
22 0.045641303554332914
23 0.1558809160073419
24 0.0
25 0.04725368765721468
26 0.0855446052871938
27 0.0
28 0.29847617492091505
29 0.0
30 0.21791320335323616
31 0.011338564928765739
32 0.0
33 0.11576230631162363
34 0.25804508514522007
35 0.1985012992175133
36 0.1704453034661689
37 0.1426459448427361
38 0.02438759487025701
39 0.16846852735724877
40 0.14822521462378352
41 0.0989398842628878
42 0.0716785220374758
43 0.016744072121274337
44 0.16512294805879338
45 0.09266419163416552
46 0.2436127162594145
47 0.0018204085682309134
48 0.016063696053686304
49 0.10565544668929996
50 0.17388540771642227
51 0.19601242699039156
52 0.0
53 0.12175157460553837
54 0.11904360799878026
55 0.18764903407535352
56 0.09474950566878566
57 0.031216919228706855
58 0.15859672569850236
59 0.13086149348698145
60 0.0
61 0.09781182784877755
62 0.18613216464596022
63 0.0087411656444082
64 0.16546073779651618
65 0.21638846071254253
66 0.0
67 0.26071168101497055
68 0.27241784327686197
69 0.07363287355917683
70 0.19102679933300676
71 0.012455982437468371
72 0.04931196894957041
73 0.11994324044618956
74 0.0
75 0.0
76 0.0
77 0.09589586803542796
78 0.1767771612504584
79 0.0812403613206371
80 0.0
81 0.10642170518229427
82 0.14689102125496897
83 0.0392426937619262
84 0.0
85 0.0
86 0.18519672569214563
87 0.12027408387516646
88 0.05927546589519296
89 0.0
90 0.27601442791437203
91 0.13241711743706483
92 0.22648764383306794
93 0.0
94 0.08152488245991756
95 0.27550216717386755
96 0.061942915805452595
97 0.22278346273027774
98 0.28726795252327697
99 0.02257308307845085
100 0.23414294709658215
101 0.16875480995783992
102 0.09895385704778432
103 0.0
104 0.011165079391560993
105 0.09757148713468378
106 0.24882784301057623
107 0.2092125556039664
108 0.049534788156402006
109 0.21514533079682716
110 0.0
111 0.01938048208773866
112 0.09913393364965066
113 0.2391592730325055
114 0.2715367027088646
115 0.23477032122982733
116 0.21027227479277347
117 0.23888807162186382
118 0.03372719677496239
119 0.13286976495326033
120 0.2691265628362223
121 0.0
122 0.15232080150933353
123 0.06693376931519356
124 0.0
125 0.11929687508736432
126 0.2513773226549813
127 0.0
128 0.02808986343046296
129 0.22801166979351728
130 0.28811926173053587
131 0.24237885324397257
132 0.2146541500326074
133 0.19214244328076166
134 0.2796031746693528
135 0.0
136 0.27573835206613706
137 0.0
138 0.09119866224443013
139 0.08796715964883278
140 0.0
141 0.07571240437704915
142 0.26410245508829805
143 0.0
144 0.15468172573618044
145 0.11842166595884729
146 0.21473019896353895
147 0.2316165843233935
148 0.0
149 0.09775613556478444
150 0.0
151 0.10939935098819563
152 0.23863020670759436
153 0.2127681881752626
154 0.14616128149078997
155 0.13913311195762024
156 0.0
157 0.25249138407798377
158 0.0
159 0.298815922676657
160 0.12524734982115993
161 0.2493105269455544
162 0.012905024933483455
163 0.023580153230554214
164 0.26928993626743936
165 0.2781337010859733
166 0.1918284686593286
167 0.13046512017724118
168 0.12557106197248272
169 0.25405796143365655
170 0.03216537135668403
171 0.0
172 0.02597029323302593
173 0.21551300131092943
174 0.2282084606261341
175 0.2052267342370049
176 0.17263664333086032
177 0.13168348542274505
178 0.2808496886333626
179 0.020008961430633854
180 0.05093588657440701
181 0.23990632114748192
182 0.2260568972332778
183 0.10632128328924792
184 0.008443534224091987
185 0.2863769620332159
186 0.28542824983108384
187 0.25091076234272625
188 0.07981477929959035
189 0.0
190 0.08357180518430896
191 0.10723802594648217
192 0.1182480675229728
193 0.0017152884258313627
194 0.08360567480363076
195 0.0
196 0.14200619096874587
197 0.0562938585505123
198 0.12101965847774339
199 0.2856687304356706
200 0.13990689754441563
201 0.25662574705457847
202 0.04099804448537881
203 0.0
204 0.0
205 0.09307854789662197
206 0.21179450067265024
207 0.039910842514399684
208 0.05517147125896125
209 0.15978589473652163
210 0.27171307499537745
211 0.2989085867335886
212 0.25526090953801106
213 0.10055715494838692
214 0.2835997705144393
215 0.20522778599138397
216 0.11561902771424638
217 0.07666878028250199
218 0.21679061808852615
219 0.163667064529043
220 0.0
221 0.1360215138634404
222 0.2657572236154334
223 0.0
224 0.18857259785393846
225 0.10820472925829529
226 0.0
227 0.025386018018213028
228 0.0
229 0.11232244001214502
230 0.03499533244830649
231 0.0
232 0.1152117377189635
233 0.05286422451024776
234 0.16727612796067168
235 0.2859245236101217
236 0.19286537326154762
237 0.0053800542481684645
238 0.23263639378499387
239 0.07171562195772269
240 0.04049065376949681
241 0.06270034208287464
242 0.0554194112999338
243 0.1561821766908054
244 0.0
245 0.041668130404961055
246 0.29885515435423354
247 0.11728574135164824
248 0.12205684893590679
249 0.172100730093306
250 0.2513719244479517
251 0.1618440332910312
252 0.09308627779698991
253 0.13733558632730003
254 0.07857112656188761
255 0.18123104035983587
256 0.03609232086886568
257 0.29658958483576864
258 0.23377391562942215
259 0.21872053396273078
260 0.04349897944835991
261 0.2475566114837165
262 0.039751951144352
263 0.026508622525696524
264 0.03120962686214851
265 0.0
266 0.27412982587230955
267 0.07281736323786771
268 0.09434033067726014
269 0.20602904133383312
270 0.039610559694817526
271 0.01359199843120602
272 0.18330353629852886
273 0.0
274 0.0
275 0.12908035259683698
276 0.26060885642360143
277 0.05552368257247727
278 0.27818584151622067
279 0.0
280 0.2191574625359981
281 0.11173629760266114
282 0.0
283 0.0
284 0.08987376927968786
285 0.16463536100890389
286 0.0
287 0.09853220118387118
288 0.0647764053000859
289 0.25044619861588946
290 0.0
291 0.2150902174368001
292 0.18972943451415622
293 0.18278330648435173
294 0.29792881764658136
295 0.029290778793520645
296 0.16376146040504966
297 0.2527791337160613
298 0.010535212946528982
299 0.15990000236261318
