0 1,11
0 2,7
0 7,6
0 12,5
0 13,5
0 15,5
0 16,6
0 21,1
0 28,6
0 31,9
0 33,6
0 34,4
0 35,5
0 37,7
0 43,11
0 45,4
0 48,8
0 53,2
0 60,8
0 73,5
0 74,8
0 75,8
0 77,5
0 79,8
0 80,6
0 81,5
0 91,7
0 92,4
0 95,6
0 99,4
0 100,6
0 105,9
0 109,7
0 113,4
0 114,8
0 115,13
0 116,6
0 117,6
0 120,4
0 122,8
0 124,10
0 125,33
0 130,6
0 131,4
0 134,4
0 135,4
0 137,9
0 141,4
0 145,6
0 151,6
0 152,5
0 158,4
0 166,7
0 170,10
0 171,5
0 179,10
0 181,2
0 190,4
0 195,7
0 201,4
0 208,3
0 218,4
0 223,9
0 226,9
0 232,4
0 233,4
0 236,2
0 247,4
0 251,4
0 253,3
0 255,3
0 259,3
0 262,3
0 267,3
0 276,5
0 286,4
0 291,2
0 295,5
0 296,6
0 298,5
1 2,17
1 3,8
1 5,12
1 7,17
1 11,9
1 13,12
1 15,9
1 16,3
1 24,9
1 25,16
1 27,12
1 28,5
1 30,11
1 31,17
1 34,10
1 35,8
1 36,12
1 38,15
1 41,7
1 42,7
1 43,12
1 44,13
1 47,6
1 48,13
1 51,6
1 52,12
1 53,11
1 54,20
1 58,8
1 59,16
1 63,11
1 64,10
1 65,11
1 70,17
1 71,12
1 73,9
1 74,9
1 75,10
1 79,16
1 80,8
1 82,42
1 84,10
1 85,9
1 88,18
1 89,9
1 90,11
1 91,11
1 103,8
1 104,12
1 106,10
1 111,6
1 112,11
1 115,16
1 117,10
1 120,13
1 121,10
1 122,17
1 123,12
1 130,10
1 135,6
1 136,12
1 141,11
1 147,14
1 149,9
1 152,5
1 153,9
1 156,6
1 157,6
1 158,10
1 166,13
1 168,12
1 169,14
1 172,15
1 175,11
1 180,10
1 181,12
1 182,12
1 183,15
1 184,14
1 186,22
1 196,15
1 198,10
1 200,15
1 201,12
1 207,9
1 209,12
1 210,14
1 218,7
1 219,10
1 220,12
1 222,7
1 226,11
1 230,23
1 233,11
1 236,13
1 239,9
1 246,7
1 249,13
1 251,13
1 261,11
1 269,10
1 270,11
1 271,5
1 273,13
1 277,28
1 281,15
1 284,7
1 285,10
1 286,11
1 288,14
1 289,17
1 292,8
1 294,7
2 5,6
2 6,4
2 8,3
2 11,4
2 15,5
2 26,3
2 27,5
2 32,6
2 33,7
2 34,4
2 36,7
2 42,4
2 43,11
2 53,6
2 55,7
2 62,3
2 63,6
2 64,7
2 77,4
2 78,2
2 83,4
2 87,3
2 92,4
2 105,4
2 109,7
2 116,9
2 125,9
2 130,5
2 131,4
2 136,8
2 141,1
2 142,5
2 144,4
2 145,2
2 147,2
2 151,8
2 152,8
2 158,7
2 159,3
2 161,5
2 166,9
2 170,4
2 175,5
2 176,2
2 177,4
2 181,4
2 188,5
2 190,4
2 196,9
2 198,13
2 202,3
2 210,7
2 213,3
2 215,4
2 216,2
2 225,3
2 232,4
2 234,4
2 236,5
2 245,2
2 249,4
2 253,8
2 255,7
2 257,8
2 260,4
2 268,3
2 273,4
2 274,10
2 276,5
2 278,8
2 285,4
2 288,6
2 289,2
2 290,3
2 296,6
2 298,6
3 5,6
3 9,6
3 10,7
3 12,9
3 14,7
3 23,9
3 27,11
3 28,7
3 29,6
3 30,13
3 33,10
3 45,9
3 47,9
3 50,7
3 54,8
3 56,6
3 61,13
3 64,6
3 65,10
3 68,10
3 72,6
3 74,6
3 76,4
3 78,10
3 81,7
3 84,9
3 87,4
3 89,8
3 90,6
3 93,5
3 94,5
3 97,41
3 102,10
3 103,12
3 108,9
3 109,5
3 112,8
3 113,9
3 118,10
3 124,11
3 126,10
3 127,6
3 131,3
3 133,8
3 134,4
3 135,5
3 138,11
3 139,13
3 142,10
3 148,8
3 150,5
3 151,8
3 156,18
3 158,7
3 160,11
3 162,7
3 163,7
3 170,9
3 172,10
3 174,12
3 181,3
3 182,9
3 183,10
3 185,6
3 190,6
3 191,8
3 192,6
3 196,8
3 197,15
3 205,16
3 207,6
3 210,9
3 215,12
3 221,8
3 225,5
3 228,10
3 233,9
3 234,12
3 237,12
3 238,7
3 240,6
3 242,3
3 243,8
3 251,17
3 254,4
3 255,6
3 258,7
3 261,9
3 267,8
3 270,5
3 272,6
3 274,5
3 277,3
3 279,10
3 282,10
3 283,4
3 291,3
3 293,16
3 297,16
3 298,23
4 19,9
4 64,3
4 65,6
4 70,4
4 72,1
4 74,4
4 84,1
4 97,6
4 103,4
4 106,3
4 113,6
4 119,4
4 124,2
4 131,1
4 140,1
4 143,2
4 149,2
4 157,2
4 173,4
4 182,2
4 187,1
4 193,2
4 200,1
4 204,1
4 220,2
4 238,3
4 256,2
4 271,1
4 289,4
4 293,1
4 296,3
5 9,1
5 12,3
5 17,4
5 19,9
5 20,5
5 24,9
5 26,4
5 30,5
5 32,2
5 34,2
5 44,5
5 50,1
5 51,4
5 64,9
5 72,1
5 74,5
5 75,6
5 76,1
5 80,8
5 84,4
5 96,4
5 101,1
5 103,4
5 112,2
5 114,3
5 115,2
5 119,8
5 122,9
5 123,4
5 124,5
5 131,2
5 132,5
5 133,8
5 141,3
5 143,8
5 144,5
5 146,7
5 155,2
5 158,1
5 159,6
5 166,3
5 175,3
5 177,5
5 179,9
5 181,2
5 182,3
5 184,2
5 188,2
5 195,3
5 198,9
5 207,2
5 215,3
5 219,2
5 220,9
5 222,1
5 224,5
5 236,1
5 250,1
5 251,5
5 255,10
5 263,9
5 277,4
5 285,1
5 292,6
5 298,11
6 7,8
6 27,6
6 31,8
6 36,1
6 38,4
6 42,2
6 44,2
6 51,5
6 52,6
6 54,4
6 59,7
6 65,7
6 70,2
6 84,2
6 85,3
6 90,1
6 104,4
6 112,1
6 115,2
6 117,4
6 121,1
6 122,4
6 123,3
6 130,8
6 141,3
6 147,5
6 149,3
6 152,3
6 157,1
6 169,5
6 172,3
6 180,3
6 182,6
6 186,2
6 198,6
6 200,3
6 201,1
6 209,2
6 210,7
6 218,1
6 220,3
6 226,2
6 249,3
6 271,6
6 277,2
6 284,5
7 8,5
7 9,6
7 13,6
7 15,6
7 18,9
7 19,5
7 24,13
7 38,10
7 43,9
7 56,5
7 58,2
7 68,5
7 74,13
7 77,10
7 81,13
7 82,12
7 84,10
7 85,9
7 86,6
7 89,7
7 90,6
7 91,9
7 94,8
7 95,5
7 99,15
7 104,11
7 112,8
7 113,8
7 118,8
7 120,6
7 122,9
7 124,5
7 127,5
7 128,12
7 134,8
7 135,7
7 136,16
7 137,8
7 139,7
7 145,8
7 148,10
7 150,4
7 152,9
7 159,6
7 164,5
7 167,4
7 168,7
7 172,3
7 175,6
7 176,5
7 178,6
7 180,10
7 183,4
7 184,11
7 188,8
7 192,8
7 196,8
7 197,17
7 201,7
7 203,2
7 205,6
7 206,5
7 207,12
7 213,15
7 223,12
7 224,8
7 232,13
7 233,7
7 238,12
7 240,7
7 241,6
7 243,6
7 244,7
7 245,18
7 250,11
7 252,11
7 253,9
7 259,8
7 263,7
7 265,11
7 269,9
7 273,7
7 276,13
7 277,4
7 282,7
7 284,4
7 286,17
7 296,5
8 19,7
8 35,2
8 52,4
8 54,5
8 61,1
8 63,4
8 64,4
8 70,4
8 73,6
8 76,7
8 80,5
8 81,6
8 110,2
8 115,2
8 146,3
8 149,4
8 152,4
8 154,7
8 170,4
8 174,1
8 175,5
8 177,5
8 179,3
8 185,4
8 190,5
8 200,3
8 201,7
8 207,4
8 213,2
8 217,2
8 218,1
8 223,5
8 225,4
8 227,3
8 233,3
8 238,5
8 242,1
8 246,4
8 248,4
8 252,3
8 253,4
8 261,4
8 266,5
8 269,6
8 279,6
9 23,1
9 31,7
9 43,8
9 51,9
9 53,1
9 55,1
9 69,5
9 80,2
9 82,8
9 88,7
9 89,2
9 94,3
9 103,2
9 106,2
9 112,2
9 113,4
9 115,1
9 121,2
9 122,7
9 127,2
9 137,3
9 147,3
9 161,2
9 173,1
9 194,4
9 195,1
9 200,3
9 207,4
9 209,2
9 211,3
9 223,2
9 225,2
9 229,2
9 232,6
9 241,1
9 248,3
9 249,1
9 254,2
9 256,5
9 259,5
9 262,1
9 268,2
9 277,2
9 285,3
9 291,2
9 292,4
10 24,11
10 45,3
10 67,8
10 74,11
10 82,8
10 87,12
10 103,9
10 106,2
10 108,4
10 110,8
10 111,3
10 117,4
10 128,1
10 137,6
10 139,2
10 142,3
10 146,1
10 149,6
10 152,1
10 163,3
10 168,3
10 171,7
10 174,3
10 176,2
10 179,4
10 184,22
10 191,5
10 193,2
10 197,2
10 201,5
10 212,2
10 213,4
10 222,4
10 223,2
10 224,3
10 237,3
10 240,6
10 250,5
10 252,5
10 258,3
10 259,4
10 263,5
10 265,2
10 266,4
10 278,6
10 280,2
10 294,4
11 12,2
11 13,5
11 16,5
11 17,6
11 21,7
11 32,7
11 37,8
11 38,8
11 39,7
11 43,9
11 51,9
11 53,3
11 54,6
11 60,4
11 61,4
11 68,8
11 70,10
11 95,4
11 101,4
11 103,7
11 105,6
11 106,2
11 111,3
11 113,9
11 115,3
11 119,4
11 120,6
11 124,11
11 126,7
11 130,6
11 131,7
11 135,7
11 140,5
11 143,3
11 144,31
11 146,2
11 147,4
11 153,5
11 155,3
11 158,5
11 159,4
11 161,4
11 165,5
11 173,5
11 179,5
11 181,5
11 187,1
11 188,6
11 190,5
11 192,4
11 193,4
11 198,12
11 203,2
11 209,9
11 210,6
11 213,5
11 216,1
11 221,7
11 224,6
11 229,6
11 231,3
11 232,2
11 233,3
11 234,4
11 235,4
11 255,4
11 258,3
11 263,6
11 265,6
11 267,5
11 268,3
11 270,5
11 271,8
11 275,4
11 277,2
11 279,5
11 282,5
11 287,3
11 295,4
11 297,4
11 299,4
12 13,1
12 16,1
12 23,5
12 45,3
12 47,1
12 61,1
12 79,3
12 98,5
12 107,5
12 110,1
12 112,1
12 114,7
12 117,2
12 121,3
12 132,2
12 135,2
12 136,2
12 138,6
12 149,4
12 152,3
12 156,3
12 164,3
12 169,3
12 175,6
12 183,3
12 184,5
12 186,2
12 193,2
12 194,4
12 195,4
12 212,2
12 228,6
12 237,4
12 239,4
12 241,3
12 251,9
12 254,3
12 258,5
12 274,3
12 277,1
12 280,2
12 283,4
12 285,6
13 37,2
13 40,2
13 69,7
13 79,2
13 82,9
13 85,1
13 91,4
13 97,6
13 102,1
13 105,1
13 106,2
13 113,2
13 126,7
13 129,1
13 134,2
13 144,1
13 150,4
13 151,3
13 167,3
13 197,2
13 198,2
13 203,1
13 211,4
13 222,3
13 225,3
13 227,3
13 229,5
13 254,3
13 263,4
13 266,1
13 269,3
13 270,3
13 285,3
13 286,6
13 288,5
13 289,5
13 295,3
14 24,6
14 31,7
14 36,1
14 47,1
14 51,7
14 63,6
14 67,8
14 75,7
14 79,1
14 93,9
14 99,2
14 100,8
14 108,2
14 109,3
14 110,2
14 113,4
14 117,1
14 119,1
14 121,1
14 122,4
14 125,2
14 132,1
14 138,5
14 142,3
14 150,3
14 159,3
14 167,4
14 168,1
14 170,5
14 173,2
14 175,3
14 192,4
14 202,1
14 206,1
14 216,4
14 217,1
14 218,4
14 227,4
14 235,2
14 240,2
14 250,2
14 252,2
14 253,2
14 267,4
14 268,5
14 270,4
14 272,7
14 278,4
14 287,1
14 294,1
14 296,3
15 19,6
15 20,5
15 24,9
15 28,2
15 44,2
15 52,7
15 60,2
15 69,7
15 70,4
15 73,2
15 76,5
15 83,2
15 101,1
15 108,1
15 109,2
15 115,3
15 125,1
15 151,3
15 162,7
15 170,3
15 171,4
15 172,2
15 174,2
15 178,5
15 181,2
15 182,4
15 185,7
15 188,7
15 196,5
15 203,3
15 207,9
15 208,3
15 210,4
15 218,6
15 224,6
15 228,6
15 234,3
15 247,2
15 251,2
15 253,5
15 258,3
15 265,6
15 272,5
15 276,5
15 279,2
15 289,6
15 290,6
15 297,8
15 298,5
16 26,3
16 28,1
16 34,2
16 38,7
16 41,1
16 56,3
16 69,5
16 78,1
16 88,8
16 98,5
16 99,1
16 103,4
16 106,2
16 113,6
16 125,2
16 127,1
16 131,4
16 139,1
16 147,5
16 153,2
16 166,4
16 168,2
16 171,1
16 177,5
16 189,1
16 192,3
16 211,3
16 223,2
16 224,3
16 229,5
16 233,2
16 243,1
16 244,3
16 257,3
16 267,4
16 270,1
16 272,3
16 278,3
16 287,3
16 299,3
17 18,6
17 34,1
17 60,1
17 64,3
17 69,12
17 73,5
17 79,1
17 100,6
17 104,3
17 106,1
17 107,4
17 113,4
17 114,6
17 119,5
17 127,1
17 133,6
17 135,3
17 142,3
17 144,6
17 156,2
17 159,6
17 167,4
17 176,4
17 179,4
17 196,4
17 198,3
17 205,4
17 218,2
17 220,3
17 223,3
17 224,2
17 227,4
17 228,5
17 235,7
17 251,4
17 253,2
17 264,2
17 269,4
17 274,2
17 276,4
17 281,1
17 297,5
18 24,9
18 26,8
18 27,7
18 30,8
18 31,11
18 32,8
18 33,8
18 36,8
18 43,9
18 45,45
18 46,11
18 49,9
18 50,13
18 53,6
18 54,7
18 55,10
18 58,8
18 61,9
18 63,11
18 66,13
18 72,9
18 73,6
18 75,11
18 77,9
18 81,16
18 83,15
18 85,13
18 88,7
18 91,10
18 94,6
18 96,7
18 97,12
18 104,11
18 106,12
18 108,10
18 110,11
18 111,9
18 112,9
18 113,9
18 115,13
18 118,12
18 119,12
18 126,9
18 128,16
18 131,4
18 138,7
18 142,10
18 144,12
18 145,8
18 146,9
18 149,5
18 151,8
18 160,16
18 169,10
18 174,11
18 176,11
18 177,7
18 180,8
18 182,9
18 184,4
18 186,4
18 193,11
18 198,9
18 199,10
18 200,8
18 203,4
18 204,5
18 207,18
18 208,7
18 209,5
18 213,9
18 215,13
18 216,10
18 219,4
18 223,13
18 227,11
18 229,10
18 230,2
18 233,8
18 237,14
18 240,4
18 242,4
18 246,11
18 251,15
18 252,16
18 260,11
18 261,11
18 264,6
18 269,5
18 271,9
18 272,13
18 276,10
18 277,6
18 278,13
18 284,8
18 286,9
18 287,8
18 288,9
18 289,8
18 290,9
18 292,13
18 295,4
18 296,9
18 297,8
18 299,4
19 21,9
19 23,8
19 25,5
19 31,14
19 33,9
19 38,9
19 44,4
19 46,8
19 49,11
19 55,8
19 61,4
19 65,10
19 69,11
19 70,8
19 71,8
19 73,8
19 79,4
19 80,7
19 83,8
19 84,7
19 93,9
19 97,12
19 98,7
19 99,5
19 101,10
19 102,4
19 104,9
19 106,5
19 109,4
19 111,7
19 113,7
19 115,6
19 117,5
19 119,7
19 120,7
19 121,7
19 132,7
19 134,7
19 136,8
19 138,9
19 141,12
19 142,7
19 143,7
19 146,6
19 151,13
19 154,5
19 155,4
19 157,8
19 160,6
19 162,3
19 163,8
19 166,6
19 169,10
19 170,12
19 171,6
19 172,7
19 173,6
19 174,10
19 177,9
19 186,7
19 191,18
19 192,6
19 198,2
19 202,3
19 204,10
19 209,7
19 212,7
19 215,6
19 220,8
19 223,5
19 225,8
19 226,12
19 229,11
19 231,7
19 235,13
19 237,9
19 239,8
19 241,6
19 242,3
19 245,4
19 255,3
19 256,10
19 258,3
19 261,9
19 266,8
19 270,9
19 273,4
19 277,5
19 284,13
19 285,10
19 289,10
19 290,6
19 293,16
19 295,4
19 297,5
19 298,7
19 299,9
20 23,3
20 30,11
20 33,6
20 35,6
20 50,8
20 51,8
20 61,4
20 62,7
20 65,4
20 66,3
20 67,7
20 68,7
20 70,6
20 72,5
20 75,3
20 77,3
20 79,4
20 80,8
20 87,6
20 96,3
20 97,12
20 98,3
20 99,7
20 101,8
20 102,7
20 108,3
20 114,5
20 116,3
20 117,9
20 124,8
20 135,5
20 141,8
20 142,5
20 144,8
20 145,5
20 149,28
20 150,5
20 151,9
20 154,5
20 157,6
20 164,5
20 170,7
20 174,3
20 175,1
20 178,7
20 191,6
20 196,5
20 199,5
20 205,9
20 206,5
20 211,9
20 214,4
20 216,3
20 220,4
20 221,2
20 224,9
20 226,13
20 229,9
20 237,5
20 239,6
20 243,4
20 247,8
20 251,10
20 255,5
20 257,5
20 258,2
20 261,7
20 262,3
20 265,8
20 269,5
20 271,17
20 275,9
20 276,6
20 278,7
20 283,4
20 284,4
20 289,12
20 290,6
20 298,16
21 39,1
21 49,1
21 63,6
21 67,5
21 68,1
21 70,7
21 73,9
21 74,6
21 75,6
21 84,1
21 87,9
21 88,5
21 106,2
21 109,2
21 118,4
21 125,3
21 135,2
21 138,7
21 144,5
21 158,3
21 165,5
21 172,1
21 176,3
21 177,7
21 181,5
21 183,5
21 191,5
21 193,4
21 198,2
21 209,3
21 211,5
21 222,2
21 224,4
21 228,4
21 241,3
21 245,4
21 249,2
21 251,3
21 260,3
21 270,4
21 272,6
21 276,1
21 277,2
21 280,1
21 284,6
21 292,3
21 293,5
22 23,2
22 24,6
22 36,1
22 68,1
22 73,6
22 76,7
22 93,6
22 97,8
22 100,7
22 102,2
22 113,8
22 129,4
22 130,2
22 131,2
22 138,6
22 150,5
22 159,6
22 161,2
22 164,3
22 180,5
22 195,3
22 202,4
22 207,5
22 208,2
22 210,2
22 213,8
22 228,7
22 233,3
22 238,4
22 239,3
22 241,5
22 245,4
22 252,2
22 263,3
22 266,2
22 267,6
22 269,3
22 270,2
22 289,3
22 292,2
22 295,1
22 296,3
23 26,5
23 28,3
23 31,6
23 38,4
23 40,4
23 48,3
23 50,8
23 52,3
23 53,3
23 55,5
23 60,2
23 61,5
23 64,4
23 67,5
23 68,6
23 70,4
23 72,3
23 79,3
23 80,8
23 82,5
23 83,4
23 84,6
23 87,9
23 90,10
23 93,9
23 94,4
23 104,5
23 109,3
23 119,6
23 121,6
23 123,2
23 126,8
23 128,1
23 130,6
23 138,8
23 140,10
23 141,7
23 153,4
23 156,6
23 159,7
23 178,6
23 189,1
23 191,6
23 196,5
23 202,3
23 208,1
23 210,7
23 212,7
23 216,4
23 218,3
23 219,3
23 224,6
23 225,12
23 239,5
23 242,13
23 243,2
23 249,10
23 251,3
23 253,6
23 255,3
23 256,3
23 257,2
23 258,6
23 260,10
23 268,8
23 272,11
23 275,5
23 276,4
23 278,4
23 286,14
23 288,4
23 291,2
23 299,9
24 28,10
24 29,9
24 32,8
24 35,10
24 36,9
24 44,14
24 48,8
24 53,6
24 60,9
24 62,9
24 63,10
24 70,8
24 74,7
24 75,14
24 77,12
24 78,9
24 80,7
24 83,14
24 85,9
24 86,7
24 88,5
24 92,2
24 97,9
24 99,12
24 103,11
24 104,10
24 107,9
24 108,7
24 118,13
24 123,2
24 127,9
24 133,7
24 136,12
24 137,6
24 138,6
24 141,10
24 142,8
24 147,12
24 148,24
24 158,10
24 159,6
24 160,8
24 163,5
24 170,12
24 172,12
24 174,15
24 176,7
24 177,10
24 178,4
24 179,6
24 183,9
24 187,5
24 188,8
24 190,13
24 192,6
24 195,8
24 196,6
24 198,12
24 199,9
24 200,11
24 205,8
24 208,10
24 213,9
24 214,6
24 215,12
24 220,6
24 222,8
24 223,15
24 228,11
24 232,2
24 235,7
24 236,3
24 237,6
24 241,11
24 245,11
24 246,7
24 250,8
24 261,17
24 262,7
24 263,7
24 269,10
24 271,10
24 273,9
24 275,7
24 278,5
24 279,9
24 282,10
24 285,9
24 288,10
24 290,7
25 27,7
25 31,11
25 43,45
25 52,10
25 53,2
25 54,9
25 60,1
25 64,2
25 73,6
25 74,7
25 80,7
25 85,3
25 100,11
25 104,5
25 109,3
25 114,8
25 115,3
25 122,9
25 124,2
25 129,8
25 130,4
25 135,2
25 143,4
25 146,4
25 149,8
25 165,4
25 166,2
25 167,8
25 169,6
25 175,5
25 178,5
25 190,5
25 192,6
25 195,3
25 196,7
25 198,6
25 200,7
25 207,6
25 211,5
25 217,5
25 218,3
25 220,5
25 230,3
25 234,6
25 236,5
25 238,6
25 240,4
25 251,5
25 255,2
25 266,3
25 275,4
25 290,2
25 293,5
25 296,5
26 27,5
26 28,5
26 30,3
26 32,4
26 34,4
26 36,4
26 38,5
26 40,3
26 41,4
26 42,6
26 43,9
26 44,7
26 45,8
26 49,7
26 56,4
26 59,6
26 61,3
26 62,8
26 71,12
26 78,10
26 84,7
26 94,3
26 95,6
26 114,6
26 119,9
26 121,5
26 123,2
26 133,7
26 135,6
26 137,7
26 148,2
26 151,9
26 152,6
26 153,5
26 158,5
26 164,5
26 167,8
26 170,7
26 172,7
26 177,9
26 178,7
26 180,4
26 182,7
26 192,8
26 196,4
26 200,9
26 201,4
26 208,3
26 212,5
26 225,7
26 226,9
26 227,3
26 231,14
26 232,3
26 233,9
26 235,5
26 249,7
26 250,8
26 253,4
26 261,15
26 264,7
26 266,6
26 268,11
26 269,9
26 275,5
26 280,1
26 281,1
26 282,6
26 283,5
26 285,6
26 288,7
26 290,3
26 293,5
26 297,13
26 298,8
26 299,9
27 30,10
27 33,10
27 39,6
27 41,6
27 44,9
27 45,2
27 53,7
27 54,6
27 55,7
27 57,6
27 65,6
27 67,8
27 68,7
27 88,10
27 90,8
27 93,5
27 95,9
27 98,4
27 100,6
27 104,13
27 106,2
27 107,7
27 111,5
27 112,8
27 118,4
27 120,7
27 122,1
27 123,13
27 125,7
27 127,2
27 132,8
27 133,5
27 139,7
27 140,4
27 147,12
27 148,11
27 155,4
27 160,4
27 161,6
27 165,10
27 167,2
27 168,12
27 170,11
27 172,9
27 175,10
27 180,5
27 185,5
27 191,1
27 192,10
27 194,6
27 195,9
27 198,3
27 205,8
27 218,5
27 221,3
27 223,10
27 225,7
27 231,2
27 234,8
27 237,4
27 241,11
27 243,2
27 244,5
27 245,4
27 247,6
27 251,20
27 252,3
27 253,12
27 254,3
27 262,5
27 263,3
27 265,5
27 266,5
27 273,15
27 277,4
27 279,7
27 287,8
27 291,1
27 293,8
27 295,3
27 298,4
27 299,7
28 55,5
28 56,6
28 69,8
28 70,5
28 77,2
28 83,2
28 87,5
28 89,2
28 107,5
28 111,1
28 122,9
28 131,1
28 162,4
28 164,2
28 166,2
28 167,28
28 169,4
28 173,3
28 175,6
28 177,4
28 183,5
28 186,4
28 189,2
28 190,5
28 194,6
28 200,6
28 205,4
28 206,1
28 211,3
28 215,9
28 216,1
28 222,5
28 231,3
28 232,6
28 233,4
28 236,3
28 248,4
28 257,4
28 260,5
28 272,7
28 282,6
28 297,12
29 60,1
29 65,1
29 67,6
29 74,5
29 80,1
29 87,6
29 93,7
29 95,1
29 107,8
29 114,9
29 116,1
29 118,7
29 122,10
29 125,3
29 130,2
29 132,2
29 133,3
29 139,3
29 153,4
29 154,1
29 160,1
29 177,2
29 185,3
29 187,2
29 189,2
29 194,22
29 196,12
29 199,9
29 205,5
29 215,5
29 217,3
29 222,4
29 230,1
29 237,4
29 245,5
29 246,3
29 256,5
29 259,6
29 265,3
29 266,2
29 270,4
29 277,1
29 285,4
29 289,2
29 290,3
29 292,4
29 297,5
29 299,4
30 31,8
30 38,3
30 39,1
30 43,9
30 45,9
30 51,6
30 53,2
30 65,6
30 67,4
30 72,5
30 77,5
30 85,3
30 89,3
30 110,3
30 113,6
30 114,3
30 124,7
30 126,9
30 139,4
30 146,2
30 150,3
30 161,7
30 164,3
30 170,6
30 176,2
30 177,4
30 183,8
30 192,8
30 196,5
30 203,1
30 212,1
30 224,4
30 225,5
30 228,3
30 229,7
30 235,3
30 239,6
30 247,4
30 251,12
30 261,9
30 267,4
30 289,5
30 298,7
31 44,7
31 48,8
31 59,13
31 62,7
31 63,15
31 65,10
31 66,16
31 69,9
31 72,7
31 75,12
31 76,8
31 77,11
31 78,8
31 80,8
31 83,11
31 85,12
31 86,8
31 88,18
31 91,9
31 99,12
31 102,7
31 104,17
31 107,10
31 109,10
31 114,9
31 115,13
31 118,12
31 131,7
31 132,10
31 133,9
31 136,15
31 137,14
31 138,11
31 141,11
31 147,6
31 148,14
31 154,7
31 155,7
31 158,8
31 160,9
31 163,6
31 169,10
31 170,14
31 172,13
31 174,12
31 178,11
31 179,8
31 181,7
31 183,13
31 184,3
31 186,8
31 187,6
31 188,10
31 189,13
31 190,13
31 192,16
31 196,12
31 197,12
31 198,8
31 200,23
31 205,10
31 209,10
31 210,12
31 213,7
31 214,17
31 215,8
31 216,8
31 218,2
31 222,6
31 223,13
31 228,14
31 232,23
31 235,21
31 236,25
31 238,10
31 242,1
31 244,14
31 245,11
31 248,11
31 251,10
31 260,9
31 261,17
31 262,9
31 266,7
31 269,17
31 273,7
31 275,12
31 279,5
31 281,12
31 282,5
31 283,7
31 285,9
31 287,12
31 288,9
31 289,11
32 37,1
32 59,8
32 61,1
32 73,9
32 81,6
32 83,4
32 87,7
32 93,10
32 114,3
32 116,4
32 118,6
32 120,2
32 128,4
32 130,5
32 133,4
32 141,4
32 142,3
32 143,3
32 144,5
32 162,7
32 166,2
32 173,1
32 174,2
32 175,6
32 181,4
32 185,4
32 189,1
32 193,3
32 198,6
32 203,3
32 209,4
32 215,6
32 218,3
32 232,5
32 238,3
32 245,6
32 247,3
32 248,2
32 250,2
32 265,5
32 269,4
32 272,3
32 274,4
32 292,3
32 297,6
33 34,3
33 45,9
33 48,2
33 58,2
33 61,6
33 62,3
33 64,5
33 70,5
33 86,3
33 90,3
33 97,9
33 101,2
33 105,7
33 109,5
33 110,1
33 114,9
33 117,7
33 118,5
33 121,9
33 123,4
33 130,1
33 132,4
33 156,2
33 157,2
33 161,6
33 167,4
33 170,4
33 174,3
33 181,4
33 191,4
33 197,3
33 213,2
33 216,2
33 221,4
33 223,3
33 228,1
33 235,4
33 238,3
33 239,4
33 241,8
33 246,5
33 247,2
33 251,9
33 253,6
33 260,7
33 265,2
33 267,7
33 281,1
33 285,4
33 286,7
33 293,3
34 36,1
34 43,8
34 48,1
34 52,4
34 59,6
34 66,1
34 77,2
34 100,1
34 118,6
34 119,3
34 122,10
34 124,2
34 126,7
34 127,1
34 138,6
34 141,6
34 143,4
34 153,20
34 158,3
34 167,4
34 173,5
34 183,5
34 188,4
34 199,4
34 208,1
34 209,4
34 212,4
34 221,4
34 230,3
34 237,2
34 239,5
34 240,4
34 244,2
34 248,4
34 249,2
34 250,4
34 256,1
34 265,5
34 281,3
34 293,4
35 41,6
35 42,6
35 44,6
35 48,8
35 54,5
35 56,6
35 61,5
35 63,10
35 67,8
35 70,10
35 77,7
35 79,7
35 88,4
35 91,9
35 92,4
35 93,14
35 105,4
35 108,2
35 110,7
35 115,9
35 117,5
35 118,7
35 120,6
35 121,6
35 136,13
35 139,5
35 140,6
35 141,11
35 142,5
35 146,4
35 148,10
35 150,2
35 151,12
35 152,7
35 153,4
35 154,4
35 156,5
35 157,5
35 158,7
35 159,4
35 166,6
35 168,2
35 170,9
35 173,11
35 178,4
35 181,7
35 186,7
35 192,8
35 197,2
35 198,9
35 199,5
35 212,5
35 215,3
35 216,3
35 229,5
35 236,3
35 240,6
35 245,11
35 246,6
35 247,5
35 249,4
35 250,8
35 255,1
35 262,5
35 263,9
35 265,6
35 267,6
35 268,5
35 270,8
35 274,11
35 285,7
35 286,9
35 289,8
35 290,5
35 294,2
35 296,3
35 297,7
35 299,5
36 42,3
36 52,5
36 58,2
36 67,5
36 71,1
36 80,8
36 83,3
36 84,1
36 88,7
36 98,3
36 101,1
36 103,4
36 109,2
36 116,1
36 122,6
36 127,2
36 134,1
36 136,5
36 141,4
36 143,2
36 147,8
36 161,5
36 180,5
36 202,3
36 209,2
36 213,5
36 216,2
36 217,3
36 224,3
36 225,3
36 235,5
36 236,14
36 243,2
36 257,4
36 261,7
36 262,1
36 267,3
36 272,4
36 279,3
36 284,4
36 286,4
36 289,4
36 292,4
36 296,2
37 38,4
37 51,6
37 86,1
37 93,8
37 97,9
37 99,3
37 119,5
37 122,4
37 123,2
37 124,5
37 125,2
37 128,1
37 137,3
37 138,9
37 150,4
37 155,1
37 156,3
37 161,9
37 162,6
37 163,1
37 188,3
37 190,3
37 193,4
37 202,2
37 203,4
37 216,2
37 223,6
37 227,3
37 228,7
37 231,2
37 236,6
37 237,2
37 239,1
37 243,2
37 247,5
37 259,1
37 264,2
37 271,2
37 272,4
37 282,4
37 284,6
37 285,2
37 294,1
38 44,6
38 47,1
38 54,9
38 56,5
38 64,6
38 69,7
38 70,8
38 71,6
38 73,36
38 76,5
38 77,7
38 81,8
38 89,9
38 98,5
38 100,5
38 111,8
38 116,6
38 119,5
38 123,7
38 126,8
38 128,3
38 129,5
38 131,12
38 133,6
38 137,7
38 142,6
38 144,8
38 146,6
38 148,5
38 149,7
38 154,5
38 158,8
38 165,5
38 166,8
38 168,4
38 173,10
38 176,9
38 177,9
38 181,4
38 182,7
38 183,4
38 184,3
38 195,2
38 196,8
38 197,6
38 220,6
38 221,9
38 229,9
38 235,9
38 238,7
38 240,5
38 245,8
38 250,2
38 255,3
38 257,9
38 260,7
38 267,7
38 275,9
38 284,11
38 285,9
38 288,3
38 289,5
38 295,3
38 297,2
39 54,5
39 70,6
39 72,1
39 77,1
39 81,5
39 94,4
39 95,2
39 104,4
39 105,3
39 106,2
39 117,2
39 119,5
39 121,2
39 126,6
39 131,1
39 133,5
39 136,3
39 142,2
39 146,4
39 147,3
39 161,7
39 165,5
39 167,6
39 177,4
39 189,1
39 190,4
39 193,3
39 194,2
39 201,1
39 202,1
39 206,3
39 217,4
39 224,5
39 227,1
39 252,3
39 253,3
39 258,1
39 264,3
39 271,9
39 273,3
40 51,4
40 52,5
40 59,3
40 69,7
40 70,5
40 73,4
40 81,3
40 82,9
40 86,2
40 90,1
40 92,2
40 97,8
40 105,1
40 108,1
40 111,2
40 113,6
40 114,3
40 117,2
40 126,8
40 131,2
40 138,4
40 145,1
40 149,2
40 169,4
40 171,3
40 175,4
40 180,3
40 183,6
40 198,1
40 203,2
40 208,3
40 213,2
40 219,6
40 227,2
40 228,8
40 230,2
40 254,7
40 258,7
40 261,6
40 268,5
40 272,5
40 277,4
40 286,6
40 297,8
41 51,5
41 62,1
41 69,5
41 71,2
41 78,1
41 81,2
41 93,4
41 113,6
41 133,10
41 134,1
41 139,3
41 145,4
41 147,3
41 154,2
41 157,1
41 167,4
41 171,21
41 174,1
41 179,2
41 181,3
41 191,2
41 199,2
41 206,4
41 207,4
41 226,5
41 229,7
41 240,4
41 246,4
41 250,5
41 251,5
41 254,4
41 256,5
41 259,4
41 260,3
41 262,3
41 263,6
41 295,2
41 297,6
42 43,6
42 51,7
42 61,3
42 62,2
42 64,6
42 65,6
42 67,10
42 70,4
42 75,4
42 76,6
42 82,3
42 84,5
42 97,9
42 98,4
42 102,4
42 114,10
42 115,7
42 116,4
42 121,5
42 126,12
42 132,7
42 144,5
42 147,7
42 154,5
42 161,3
42 165,3
42 166,4
42 169,4
42 170,5
42 172,6
42 173,6
42 174,3
42 180,2
42 181,6
42 183,5
42 187,3
42 188,3
42 201,2
42 205,7
42 206,3
42 210,7
42 224,6
42 228,4
42 232,3
42 237,5
42 238,3
42 239,7
42 249,5
42 253,6
42 257,3
42 258,2
42 259,2
42 262,7
42 264,6
42 275,4
42 276,12
42 278,5
42 287,7
42 293,6
42 295,4
42 298,8
43 52,7
43 53,16
43 54,15
43 56,7
43 58,8
43 59,10
43 60,12
43 61,8
43 62,11
43 64,6
43 72,8
43 73,14
43 74,9
43 75,12
43 80,17
43 85,11
43 87,9
43 90,10
43 94,10
43 104,12
43 106,9
43 109,5
43 110,10
43 114,22
43 115,12
43 122,22
43 124,12
43 127,4
43 128,4
43 130,11
43 134,6
43 135,6
43 143,7
43 144,12
43 146,12
43 147,8
43 151,4
43 155,13
43 158,7
43 159,7
43 161,10
43 165,8
43 166,9
43 167,12
43 169,9
43 172,9
43 175,5
43 178,9
43 187,14
43 190,9
43 191,10
43 192,14
43 195,9
43 196,13
43 197,10
43 198,6
43 200,10
43 205,10
43 207,20
43 211,12
43 217,20
43 219,2
43 220,10
43 221,10
43 222,7
43 226,7
43 230,10
43 231,6
43 233,9
43 234,13
43 236,15
43 238,10
43 239,9
43 240,17
43 242,7
43 243,10
43 247,5
43 249,10
43 251,7
43 255,11
43 256,11
43 257,11
43 266,10
43 267,12
43 268,13
43 272,9
43 273,6
43 275,21
43 277,3
43 279,6
43 290,10
43 291,10
43 293,14
43 296,12
44 56,2
44 73,6
44 77,2
44 81,2
44 85,1
44 88,6
44 90,1
44 91,7
44 93,7
44 94,3
44 99,7
44 104,6
44 112,2
44 126,5
44 134,1
44 135,2
44 137,7
44 148,4
44 149,5
44 150,5
44 152,1
44 164,2
44 171,8
44 172,6
44 175,5
44 178,7
44 181,6
44 183,6
44 197,2
44 202,2
44 205,5
44 206,4
44 211,3
44 213,3
44 233,5
44 241,5
44 244,3
44 245,9
44 250,6
44 259,3
44 263,6
44 273,9
44 276,4
44 286,4
45 46,1
45 48,5
45 50,7
45 53,7
45 55,7
45 57,5
45 66,10
45 72,7
45 73,11
45 74,9
45 75,12
45 77,6
45 83,3
45 86,6
45 94,1
45 104,4
45 105,6
45 106,1
45 111,9
45 118,8
45 123,9
45 124,8
45 125,7
45 127,5
45 128,3
45 129,8
45 131,9
45 133,6
45 142,10
45 144,10
45 145,7
45 146,6
45 150,9
45 151,13
45 161,7
45 169,15
45 175,4
45 176,5
45 177,9
45 180,7
45 182,17
45 192,8
45 193,9
45 199,6
45 200,7
45 211,4
45 213,16
45 215,9
45 216,6
45 218,2
45 220,1
45 227,5
45 229,13
45 236,4
45 240,8
45 242,2
45 246,5
45 251,6
45 254,3
45 260,5
45 261,10
45 267,4
45 268,10
45 270,4
45 271,8
45 280,1
45 286,9
45 287,11
45 288,15
45 289,7
45 290,10
45 296,15
45 297,18
45 299,8
46 51,7
46 59,1
46 64,1
46 67,7
46 81,8
46 82,8
46 83,2
46 107,3
46 110,1
46 111,2
46 115,1
46 119,3
46 123,3
46 128,1
46 137,1
46 161,1
46 169,1
46 176,1
46 178,8
46 179,2
46 180,1
46 182,1
46 191,3
46 203,1
46 204,1
46 207,8
46 212,2
46 220,2
46 224,2
46 230,1
46 239,3
46 240,1
46 245,1
46 247,2
46 256,6
46 271,1
46 272,2
46 277,3
46 278,5
46 283,4
46 288,3
46 292,3
46 299,2
47 48,1
47 55,2
47 69,11
47 72,1
47 74,6
47 80,7
47 82,8
47 104,1
47 106,2
47 108,3
47 115,1
47 119,3
47 125,1
47 141,2
47 148,1
47 151,1
47 154,3
47 158,1
47 159,7
47 162,9
47 165,2
47 175,6
47 187,3
47 196,11
47 198,3
47 199,1
47 205,3
47 207,5
47 211,4
47 228,3
47 231,2
47 232,3
47 236,4
47 240,4
47 245,3
47 252,3
47 254,2
47 257,1
47 261,6
47 269,5
47 274,4
47 280,3
47 282,5
47 295,1
47 297,4
47 299,4
48 56,4
48 65,3
48 70,7
48 72,2
48 76,4
48 80,5
48 82,8
48 86,4
48 87,9
48 89,4
48 92,2
48 95,1
48 113,1
48 137,5
48 152,3
48 156,1
48 166,4
48 167,3
48 172,2
48 174,3
48 180,5
48 182,3
48 185,4
48 191,1
48 194,5
48 205,8
48 207,6
48 209,1
48 220,5
48 224,2
48 245,7
48 250,2
48 261,6
48 262,4
48 264,1
48 265,3
48 270,6
48 273,8
48 286,7
48 288,12
49 50,1
49 51,8
49 62,1
49 68,1
49 71,1
49 80,6
49 87,8
49 91,9
49 97,8
49 101,2
49 103,7
49 107,8
49 108,4
49 120,3
49 121,2
49 129,9
49 140,1
49 150,4
49 151,3
49 157,2
49 162,4
49 163,1
49 166,1
49 167,7
49 169,7
49 174,2
49 192,3
49 193,4
49 194,5
49 200,5
49 210,3
49 212,1
49 230,2
49 234,4
49 236,4
49 248,2
49 250,2
49 256,8
49 261,6
49 272,8
49 273,2
49 280,1
49 283,4
49 289,7
49 293,3
49 298,7
49 299,5
50 59,6
50 62,1
50 66,3
50 67,3
50 70,6
50 73,8
50 77,3
50 81,10
50 82,7
50 92,2
50 93,9
50 103,4
50 110,2
50 111,2
50 113,6
50 117,3
50 124,4
50 128,2
50 129,4
50 130,3
50 144,2
50 156,3
50 158,4
50 167,5
50 171,4
50 173,4
50 176,4
50 184,2
50 190,4
50 198,3
50 201,3
50 202,2
50 206,4
50 207,5
50 218,1
50 225,5
50 230,2
50 243,1
50 249,1
50 260,6
50 264,3
50 268,4
50 271,3
50 276,5
50 296,3
51 52,7
51 55,7
51 59,9
51 61,8
51 64,10
51 68,9
51 79,11
51 80,11
51 86,8
51 87,9
51 88,12
51 94,9
51 95,9
51 96,4
51 99,12
51 100,11
51 105,5
51 109,4
51 113,9
51 114,9
51 124,13
51 125,3
51 134,6
51 139,7
51 141,6
51 146,10
51 148,10
51 155,5
51 159,2
51 160,4
51 161,16
51 166,7
51 168,7
51 173,7
51 174,4
51 178,3
51 179,6
51 183,8
51 185,4
51 190,5
51 191,11
51 192,10
51 193,8
51 200,10
51 204,9
51 205,8
51 207,6
51 209,7
51 210,12
51 213,9
51 214,5
51 223,12
51 225,9
51 226,7
51 227,9
51 229,11
51 232,4
51 234,5
51 237,11
51 240,14
51 243,12
51 244,14
51 252,10
51 253,7
51 254,4
51 256,7
51 258,4
51 266,3
51 270,6
51 278,15
51 279,6
51 290,5
51 291,4
51 293,8
51 296,11
51 297,10
51 298,22
52 53,5
52 54,4
52 57,7
52 58,10
52 62,5
52 65,3
52 67,9
52 69,4
52 74,8
52 76,7
52 82,7
52 83,6
52 85,5
52 86,6
52 87,9
52 88,7
52 98,9
52 102,3
52 108,2
52 109,9
52 111,8
52 121,10
52 123,12
52 126,6
52 130,9
52 134,5
52 146,6
52 150,1
52 154,6
52 155,7
52 161,5
52 162,6
52 168,9
52 169,6
52 170,4
52 173,10
52 178,5
52 179,7
52 192,3
52 194,5
52 198,4
52 200,7
52 202,2
52 210,8
52 212,5
52 215,6
52 217,7
52 220,6
52 224,13
52 231,7
52 234,5
52 235,8
52 237,3
52 238,6
52 242,2
52 244,5
52 245,8
52 246,6
52 247,7
52 251,8
52 253,9
52 259,2
52 262,4
52 263,4
52 264,5
52 265,10
52 269,6
52 274,4
52 276,7
52 280,2
52 285,7
52 286,5
52 287,5
52 294,3
52 295,1
52 297,4
53 56,1
53 62,4
53 68,1
53 74,8
53 90,3
53 96,1
53 97,9
53 99,3
53 106,1
53 108,3
53 111,4
53 114,8
53 118,9
53 122,8
53 123,5
53 125,4
53 129,3
53 139,2
53 142,4
53 144,5
53 145,3
53 146,1
53 148,3
53 152,2
53 160,4
53 175,7
53 177,3
53 178,4
53 182,6
53 190,3
53 191,4
53 211,3
53 218,5
53 225,5
53 228,3
53 232,5
53 243,5
53 256,4
53 257,3
53 259,4
53 266,3
53 268,9
53 270,4
53 277,5
53 280,2
53 284,4
53 297,3
54 55,6
54 58,5
54 59,10
54 60,4
54 64,7
54 67,5
54 69,6
54 77,6
54 78,4
54 83,6
54 84,7
54 86,3
54 89,6
54 90,9
54 91,7
54 94,4
54 97,8
54 99,8
54 100,3
54 102,7
54 105,4
54 113,6
54 116,7
54 117,4
54 120,10
54 125,4
54 131,8
54 132,9
54 134,5
54 135,6
54 137,6
54 139,6
54 144,3
54 146,6
54 150,4
54 158,8
54 161,1
54 164,6
54 165,9
54 168,7
54 173,3
54 174,5
54 180,5
54 181,8
54 183,3
54 184,3
54 186,8
54 187,5
54 188,4
54 192,5
54 197,6
54 199,4
54 212,8
54 216,3
54 223,3
54 226,7
54 233,10
54 235,8
54 238,7
54 243,3
54 246,5
54 256,3
54 267,3
54 269,6
54 270,9
54 271,8
54 272,13
54 277,2
54 282,1
54 283,10
54 289,15
54 296,4
55 59,9
55 64,4
55 65,4
55 69,9
55 72,4
55 78,6
55 81,3
55 82,11
55 85,3
55 88,6
55 90,5
55 92,5
55 94,9
55 100,11
55 109,3
55 116,9
55 118,10
55 123,8
55 124,9
55 127,4
55 130,5
55 131,3
55 133,5
55 134,2
55 139,10
55 140,6
55 146,6
55 151,8
55 153,5
55 156,9
55 158,7
55 160,7
55 163,6
55 167,5
55 170,6
55 172,6
55 175,6
55 183,10
55 185,3
55 190,5
55 191,7
55 192,8
55 197,8
55 200,9
55 201,6
55 207,10
55 210,8
55 211,6
55 212,5
55 214,7
55 215,6
55 218,5
55 221,4
55 225,9
55 233,9
55 240,5
55 241,7
55 242,5
55 243,4
55 244,6
55 251,11
55 253,8
55 255,4
55 258,4
55 260,7
55 261,14
55 264,6
55 270,10
55 272,13
55 273,5
55 274,9
55 276,4
55 279,9
55 283,4
55 287,7
55 289,6
55 291,2
55 294,6
55 295,2
55 297,10
55 298,8
56 60,2
56 75,4
56 77,2
56 80,10
56 84,3
56 87,7
56 88,6
56 103,5
56 105,1
56 108,2
56 123,3
56 127,6
56 133,7
56 142,2
56 148,1
56 158,7
56 159,6
56 163,4
56 166,9
56 173,4
56 176,7
56 177,7
56 188,4
56 190,7
56 195,12
56 199,5
56 205,7
56 213,2
56 214,2
56 218,1
56 219,4
56 220,5
56 223,4
56 228,7
56 237,2
56 241,8
56 246,6
56 250,6
56 254,3
56 261,3
56 262,9
56 263,5
56 271,7
56 273,2
56 278,3
56 282,4
56 290,8
56 291,1
56 297,2
56 298,3
57 58,1
57 70,5
57 74,9
57 95,1
57 97,9
57 108,2
57 119,1
57 120,1
57 121,1
57 123,2
57 129,6
57 136,5
57 140,1
57 142,3
57 147,6
57 149,7
57 154,7
57 165,4
57 167,7
57 179,1
57 189,1
57 194,6
57 196,6
57 205,9
57 213,1
57 216,5
57 219,4
57 220,3
57 222,4
57 225,2
57 229,2
57 238,3
57 251,4
57 259,1
57 264,1
57 267,4
57 269,4
57 274,4
57 276,1
57 278,2
57 280,2
57 283,2
57 287,5
57 291,1
57 292,1
57 293,3
58 67,5
58 83,3
58 87,6
58 98,3
58 100,5
58 106,1
58 114,3
58 128,2
58 129,5
58 136,2
58 138,5
58 155,2
58 156,2
58 167,5
58 179,3
58 187,5
58 190,3
58 200,7
58 201,5
58 208,2
58 215,2
58 221,1
58 224,4
58 229,4
58 238,8
58 239,4
58 247,3
58 254,4
58 255,1
58 264,3
58 271,5
58 275,3
58 276,4
58 281,3
58 294,1
59 64,7
59 65,5
59 66,7
59 73,7
59 75,8
59 76,7
59 79,9
59 87,4
59 92,6
59 94,8
59 97,10
59 101,5
59 102,6
59 103,6
59 104,10
59 113,9
59 114,9
59 116,3
59 118,8
59 120,9
59 121,6
59 122,6
59 123,10
59 124,7
59 130,6
59 131,6
59 132,7
59 137,4
59 138,5
59 139,12
59 141,6
59 142,3
59 143,4
59 146,12
59 147,9
59 148,12
59 156,11
59 170,8
59 174,6
59 176,4
59 177,6
59 181,4
59 182,4
59 195,1
59 197,8
59 199,4
59 206,6
59 207,10
59 210,6
59 215,11
59 217,5
59 222,11
59 231,2
59 232,3
59 234,7
59 235,13
59 248,5
59 250,8
59 251,11
59 256,5
59 257,6
59 258,2
59 259,3
59 261,9
59 265,5
59 280,2
59 283,7
59 284,9
59 287,6
59 294,5
59 296,15
59 298,12
60 62,2
60 72,1
60 91,6
60 92,1
60 99,4
60 107,9
60 109,2
60 120,1
60 124,2
60 133,2
60 136,4
60 139,1
60 147,6
60 148,4
60 178,1
60 186,1
60 190,4
60 213,3
60 218,3
60 228,4
60 239,1
60 242,5
60 248,4
60 252,5
60 256,5
60 258,6
60 259,3
60 263,1
60 267,7
60 272,7
60 276,5
60 291,3
60 296,6
60 299,5
61 64,5
61 90,1
61 97,1
61 100,5
61 105,2
61 107,6
61 109,4
61 110,5
61 121,8
61 122,4
61 126,7
61 139,2
61 141,4
61 144,5
61 149,6
61 151,4
61 153,5
61 171,6
61 183,4
61 188,6
61 191,6
61 192,4
61 199,8
61 203,2
61 209,4
61 210,6
61 230,2
61 233,3
61 240,7
61 243,3
61 259,5
61 261,9
61 266,7
61 268,2
61 286,6
61 295,3
61 296,8
62 66,2
62 68,1
62 74,6
62 75,5
62 77,2
62 97,8
62 100,10
62 126,5
62 127,1
62 141,1
62 143,1
62 146,3
62 148,2
62 149,4
62 161,2
62 162,7
62 165,2
62 171,6
62 178,6
62 197,3
62 207,9
62 208,1
62 217,5
62 218,3
62 226,5
62 233,2
62 238,6
62 240,4
62 248,3
62 259,2
62 261,9
62 262,6
62 264,4
62 267,2
62 268,5
62 269,6
62 272,2
62 277,3
63 73,8
63 77,27
63 86,6
63 89,9
63 90,4
63 95,5
63 100,8
63 103,6
63 106,5
63 111,4
63 112,10
63 113,6
63 115,9
63 125,9
63 127,4
63 128,6
63 130,6
63 132,8
63 135,9
63 140,9
63 144,7
63 145,7
63 147,7
63 149,7
63 154,13
63 158,11
63 163,8
63 165,10
63 169,9
63 170,9
63 173,6
63 176,8
63 181,4
63 184,3
63 186,9
63 187,5
63 188,7
63 189,2
63 192,13
63 196,5
63 197,7
63 198,3
63 203,1
63 206,4
63 209,5
63 212,8
63 214,2
63 215,11
63 217,6
63 221,10
63 230,1
63 235,5
63 237,17
63 244,7
63 246,17
63 247,7
63 249,4
63 252,3
63 253,5
63 255,4
63 257,13
63 261,8
63 262,7
63 263,6
63 268,5
63 269,6
63 272,14
63 274,4
63 290,7
63 293,10
63 296,8
64 65,9
64 69,6
64 79,7
64 81,4
64 98,8
64 99,3
64 101,2
64 102,6
64 106,2
64 109,6
64 115,4
64 120,3
64 121,12
64 123,6
64 132,8
64 135,2
64 140,2
64 143,4
64 146,6
64 148,4
64 151,4
64 153,4
64 154,1
64 157,9
64 163,4
64 166,11
64 171,4
64 173,9
64 175,4
64 186,4
64 191,2
64 192,2
64 198,5
64 204,1
64 209,7
64 215,4
64 220,6
64 223,7
64 235,5
64 245,2
64 246,5
64 255,7
64 256,4
64 266,2
64 277,3
64 279,4
64 282,1
64 289,5
64 295,2
64 297,7
65 67,5
65 68,8
65 73,5
65 79,6
65 80,6
65 81,3
65 84,6
65 86,6
65 88,6
65 94,8
65 97,11
65 99,12
65 113,7
65 115,7
65 122,1
65 124,14
65 126,11
65 129,4
65 130,5
65 132,7
65 133,8
65 134,9
65 138,8
65 139,4
65 144,3
65 148,6
65 160,11
65 161,9
65 168,7
65 174,5
65 182,10
65 183,6
65 184,9
65 185,4
65 188,4
65 191,4
65 192,9
65 193,3
65 195,2
65 198,6
65 200,9
65 201,4
65 205,7
65 209,10
65 210,15
65 213,6
65 218,4
65 219,3
65 222,4
65 223,16
65 229,19
65 233,3
65 237,8
65 238,5
65 240,6
65 244,15
65 247,5
65 255,3
65 256,3
65 257,4
65 258,6
65 266,10
65 270,8
65 276,4
65 278,9
65 279,8
65 281,3
65 288,4
65 289,4
65 291,1
65 293,14
65 294,1
65 298,7
66 75,37
66 78,2
66 82,4
66 95,1
66 98,3
66 104,3
66 107,7
66 109,1
66 110,1
66 117,3
66 118,8
66 123,4
66 126,3
66 128,2
66 130,1
66 137,2
66 144,4
66 146,5
66 147,7
66 156,3
66 165,2
66 167,3
66 169,7
66 178,5
66 179,2
66 181,2
66 182,5
66 185,1
66 190,3
66 191,4
66 195,2
66 213,4
66 214,2
66 221,1
66 244,2
66 245,4
66 255,1
66 266,2
66 268,2
66 279,3
66 288,6
66 290,5
66 296,6
66 297,6
67 71,6
67 78,10
67 82,9
67 92,5
67 93,11
67 94,10
67 95,6
67 108,12
67 119,8
67 120,5
67 121,9
67 123,7
67 130,8
67 131,4
67 133,6
67 136,3
67 137,8
67 139,3
67 140,12
67 142,7
67 147,14
67 154,12
67 156,7
67 159,7
67 160,8
67 165,7
67 174,7
67 176,9
67 179,7
67 181,7
67 182,6
67 183,3
67 184,6
67 186,5
67 189,11
67 190,7
67 194,6
67 195,4
67 196,6
67 205,13
67 206,5
67 208,11
67 213,7
67 216,16
67 220,8
67 222,7
67 225,15
67 227,6
67 229,10
67 237,4
67 238,7
67 241,3
67 250,4
67 251,12
67 259,9
67 264,10
67 265,7
67 266,9
67 267,5
67 269,4
67 274,9
67 276,15
67 278,19
67 279,7
67 282,4
67 283,11
67 284,6
67 285,5
67 287,13
67 288,11
67 292,4
67 293,16
68 101,2
68 103,6
68 107,5
68 109,2
68 110,6
68 111,1
68 113,6
68 120,3
68 129,4
68 132,1
68 133,10
68 140,4
68 141,3
68 145,4
68 149,8
68 151,5
68 161,3
68 178,6
68 180,6
68 191,3
68 196,3
68 210,6
68 213,5
68 214,3
68 222,3
68 223,2
68 232,5
68 241,2
68 243,5
68 250,5
68 271,8
68 272,3
68 275,6
68 279,3
68 285,1
68 290,2
68 291,1
68 296,8
69 73,9
69 86,7
69 88,10
69 90,9
69 91,9
69 95,8
69 99,6
69 100,7
69 103,7
69 108,11
69 111,5
69 114,9
69 119,12
69 121,12
69 126,10
69 128,9
69 132,9
69 133,13
69 135,8
69 136,12
69 137,7
69 148,7
69 150,5
69 151,14
69 153,11
69 155,7
69 159,4
69 161,7
69 164,7
69 167,11
69 172,7
69 177,9
69 178,11
69 180,8
69 181,5
69 182,10
69 184,9
69 185,6
69 188,10
69 191,8
69 192,8
69 194,6
69 196,11
69 197,13
69 201,4
69 202,1
69 208,7
69 212,12
69 217,10
69 218,5
69 220,10
69 223,11
69 225,11
69 226,13
69 227,10
69 228,9
69 231,11
69 232,11
69 233,11
69 235,11
69 242,5
69 244,10
69 245,11
69 250,10
69 258,14
69 261,10
69 264,5
69 265,10
69 266,8
69 268,12
69 269,11
69 274,10
69 275,8
69 278,7
69 279,12
69 280,11
69 281,7
69 282,4
69 283,7
69 285,8
69 286,8
69 288,8
69 290,10
69 293,18
69 294,7
69 297,11
69 299,19
70 72,14
70 76,4
70 79,9
70 81,10
70 83,11
70 85,15
70 88,9
70 91,14
70 93,7
70 102,8
70 104,5
70 105,11
70 106,16
70 110,6
70 113,14
70 114,7
70 122,10
70 126,15
70 129,7
70 134,8
70 141,4
70 142,3
70 143,9
70 144,9
70 150,12
70 151,9
70 153,5
70 156,7
70 167,19
70 173,9
70 176,9
70 177,9
70 178,5
70 187,9
70 191,5
70 195,8
70 197,15
70 198,15
70 199,8
70 204,5
70 206,9
70 211,16
70 212,9
70 214,6
70 216,6
70 220,8
70 222,16
70 225,12
70 226,10
70 227,10
70 229,13
70 230,7
70 233,5
70 237,4
70 238,5
70 239,5
70 241,7
70 254,5
70 263,10
70 266,8
70 269,13
70 270,10
70 272,9
70 273,6
70 276,8
70 282,5
70 285,14
70 286,10
70 288,15
70 289,10
70 291,6
70 295,10
71 89,1
71 97,7
71 107,7
71 118,5
71 121,6
71 135,2
71 150,5
71 154,9
71 162,6
71 166,2
71 169,6
71 172,4
71 178,2
71 185,5
71 186,4
71 192,4
71 199,6
71 200,1
71 202,2
71 208,2
71 214,2
71 219,3
71 220,7
71 226,3
71 227,5
71 228,9
71 230,1
71 231,2
71 232,3
71 247,1
71 256,4
71 259,4
71 265,4
71 271,6
71 275,3
71 276,7
71 279,3
71 282,5
71 283,6
72 78,1
72 79,5
72 97,8
72 108,2
72 111,2
72 114,8
72 116,1
72 118,7
72 119,4
72 122,6
72 126,8
72 137,2
72 142,7
72 151,3
72 173,4
72 183,5
72 192,4
72 193,4
72 204,1
72 206,3
72 207,6
72 211,3
72 217,3
72 229,10
72 231,2
72 234,5
72 237,5
72 242,4
72 244,3
72 256,7
72 258,2
72 259,2
72 273,9
72 277,2
72 278,5
72 283,3
72 288,7
73 76,11
73 81,12
73 84,4
73 89,5
73 92,5
73 96,3
73 98,9
73 100,7
73 110,6
73 111,9
73 113,3
73 116,11
73 128,12
73 131,11
73 133,11
73 137,10
73 139,4
73 142,10
73 144,12
73 146,10
73 154,7
73 155,7
73 158,10
73 165,9
73 166,6
73 172,8
73 173,10
73 174,6
73 175,7
73 176,10
73 177,14
73 181,3
73 182,15
73 183,12
73 187,10
73 193,4
73 195,4
73 197,7
73 202,4
73 203,2
73 206,6
73 207,9
73 214,7
73 219,4
73 221,12
73 228,9
73 229,10
73 234,10
73 235,9
73 238,9
73 240,9
73 242,4
73 245,7
73 250,5
73 257,16
73 260,7
73 262,5
73 266,10
73 267,11
73 268,9
73 269,6
73 270,12
73 275,16
73 277,5
73 284,13
73 285,5
73 291,11
73 293,10
73 295,7
73 298,4
74 75,14
74 77,5
74 78,5
74 79,13
74 80,7
74 85,7
74 91,7
74 95,8
74 99,15
74 100,9
74 101,8
74 103,12
74 105,7
74 107,9
74 108,14
74 109,6
74 110,11
74 111,11
74 113,10
74 117,10
74 119,16
74 120,7
74 121,5
74 122,15
74 125,11
74 132,13
74 138,15
74 139,6
74 142,12
74 144,8
74 145,9
74 148,8
74 149,7
74 150,19
74 151,5
74 159,12
74 163,7
74 164,8
74 167,12
74 168,14
74 170,15
74 173,6
74 180,7
74 192,11
74 203,3
74 206,8
74 207,11
74 213,9
74 216,9
74 217,9
74 219,7
74 221,5
74 223,8
74 227,9
74 228,7
74 235,6
74 236,7
74 238,5
74 239,7
74 240,12
74 241,8
74 244,7
74 249,6
74 250,6
74 251,8
74 252,20
74 253,9
74 254,10
74 255,5
74 261,4
74 265,8
74 267,14
74 268,13
74 270,12
74 272,7
74 277,10
74 278,5
74 279,9
74 281,13
74 282,1
74 287,8
74 289,2
74 294,9
74 296,10
75 78,8
75 80,12
75 81,5
75 83,6
75 84,10
75 86,8
75 89,5
75 93,14
75 95,8
75 98,8
75 103,8
75 104,11
75 109,5
75 110,6
75 115,9
75 117,6
75 123,7
75 127,7
75 128,9
75 129,3
75 130,12
75 136,5
75 137,9
75 138,4
75 141,11
75 144,9
75 146,12
75 147,10
75 153,6
75 156,9
75 159,3
75 160,9
75 165,6
75 167,12
75 169,9
75 171,4
75 173,13
75 175,5
75 178,6
75 179,4
75 182,6
75 183,9
75 185,3
75 190,16
75 191,9
75 195,12
75 201,3
75 207,11
75 213,8
75 214,5
75 215,10
75 216,9
75 220,14
75 221,8
75 225,9
75 227,8
75 231,10
75 236,8
75 237,9
75 244,6
75 245,4
75 247,6
75 248,6
75 250,8
75 255,4
75 257,14
75 266,9
75 268,6
75 272,8
75 278,5
75 279,5
75 281,7
75 286,6
75 288,15
75 290,9
75 295,2
75 296,8
75 297,7
76 81,10
76 83,5
76 85,2
76 86,6
76 87,3
76 90,6
76 92,4
76 102,5
76 114,9
76 116,4
76 119,5
76 122,6
76 123,7
76 124,3
76 127,4
76 130,7
76 139,4
76 140,2
76 146,1
76 149,4
76 150,4
76 152,7
76 157,3
76 162,4
76 163,6
76 170,5
76 172,8
76 175,6
76 176,3
76 190,3
76 195,5
76 200,10
76 208,2
76 211,5
76 212,3
76 214,9
76 215,5
76 221,3
76 222,1
76 223,2
76 236,3
76 241,7
76 243,5
76 244,1
76 245,4
76 248,5
76 253,9
76 260,2
76 264,6
76 267,4
76 269,4
76 273,12
76 274,4
76 276,9
76 279,9
76 285,2
76 287,4
76 289,11
76 291,5
76 294,6
76 297,13
77 86,4
77 89,4
77 95,3
77 107,7
77 112,1
77 115,4
77 118,7
77 125,3
77 132,4
77 135,1
77 136,7
77 140,2
77 154,5
77 158,6
77 163,2
77 165,4
77 175,3
77 189,1
77 192,7
77 197,3
77 201,3
77 203,3
77 208,3
77 211,2
77 215,5
77 219,5
77 221,3
77 237,2
77 242,2
77 246,4
77 257,4
77 261,9
77 263,3
77 272,4
77 274,6
77 277,2
77 280,1
77 291,3
77 293,1
77 296,8
78 79,4
78 84,3
78 103,10
78 106,1
78 108,5
78 119,5
78 123,4
78 124,2
78 127,3
78 134,1
78 137,8
78 141,1
78 145,3
78 156,1
78 171,3
78 177,6
78 190,6
78 197,3
78 201,4
78 205,7
78 207,4
78 225,5
78 226,7
78 229,5
78 232,3
78 233,3
78 234,6
78 238,6
78 241,5
78 268,4
78 271,3
78 274,4
78 287,6
78 288,6
78 299,2
79 81,6
79 84,5
79 86,4
79 93,7
79 96,4
79 100,7
79 105,3
79 106,2
79 110,6
79 112,7
79 117,10
79 120,6
79 121,9
79 122,7
79 125,4
79 131,5
79 133,5
79 137,6
79 140,3
79 146,7
79 148,10
79 149,5
79 152,7
79 159,5
79 163,4
79 165,3
79 169,5
79 172,2
79 173,14
79 180,3
79 181,2
79 185,6
79 186,7
79 187,5
79 196,4
79 207,4
79 208,2
79 209,8
79 210,11
79 214,5
79 217,4
79 219,4
79 220,6
79 221,5
79 222,6
79 226,13
79 228,7
79 229,12
79 234,9
79 238,2
79 242,1
79 254,2
79 261,3
79 265,5
79 268,6
79 269,9
79 274,9
79 275,5
79 277,3
79 278,4
79 281,3
79 282,3
79 294,3
80 84,10
80 87,9
80 89,5
80 94,5
80 95,7
80 103,7
80 106,8
80 108,11
80 110,9
80 111,5
80 112,5
80 113,7
80 119,6
80 123,6
80 124,9
80 127,11
80 131,3
80 134,6
80 135,4
80 137,11
80 141,12
80 143,8
80 144,12
80 145,6
80 146,9
80 150,5
80 156,4
80 172,7
80 177,5
80 178,4
80 183,6
80 190,6
80 193,8
80 197,6
80 200,8
80 202,2
80 204,8
80 205,8
80 208,1
80 224,7
80 225,12
80 226,16
80 229,3
80 231,7
80 233,3
80 234,8
80 238,12
80 239,4
80 241,11
80 244,11
80 248,2
80 258,5
80 262,6
80 266,7
80 267,7
80 268,17
80 271,6
80 274,2
80 279,9
80 287,2
80 288,6
80 289,6
80 298,10
80 299,10
81 83,8
81 85,8
81 92,8
81 96,9
81 98,9
81 100,10
81 105,4
81 106,11
81 107,8
81 112,5
81 128,16
81 130,6
81 131,5
81 139,6
81 141,5
81 155,5
81 156,8
81 170,5
81 173,5
81 175,7
81 179,10
81 185,5
81 187,13
81 190,9
81 197,9
81 198,7
81 200,9
81 204,6
81 208,9
81 215,17
81 216,3
81 217,6
81 221,9
81 224,12
81 229,12
81 238,13
81 239,6
81 241,6
81 245,4
81 247,12
81 248,4
81 249,4
81 253,13
81 255,5
81 261,6
81 264,8
81 269,11
81 271,7
81 273,5
81 275,4
81 276,5
81 279,5
81 282,6
81 285,5
81 292,1
81 294,15
81 296,4
81 299,3
82 83,8
82 85,6
82 87,9
82 88,13
82 89,13
82 91,17
82 98,2
82 100,10
82 103,13
82 105,7
82 106,18
82 110,4
82 111,12
82 112,8
82 113,5
82 115,8
82 117,17
82 120,12
82 123,13
82 126,12
82 128,5
82 129,15
82 131,11
82 135,9
82 136,11
82 139,4
82 140,13
82 146,5
82 148,7
82 149,6
82 150,7
82 153,17
82 156,5
82 158,16
82 165,11
82 166,6
82 167,7
82 168,17
82 175,16
82 181,15
82 183,17
82 184,15
82 186,10
82 187,15
82 189,10
82 194,18
82 196,15
82 199,8
82 204,6
82 207,19
82 210,13
82 212,6
82 213,5
82 214,6
82 218,3
82 219,20
82 222,10
82 226,6
82 227,8
82 229,4
82 230,13
82 233,6
82 236,14
82 239,12
82 244,6
82 246,7
82 251,11
82 260,9
82 261,17
82 262,6
82 266,5
82 269,15
82 270,16
82 273,12
82 276,7
82 277,17
82 279,3
82 281,12
82 285,13
82 286,16
82 288,16
82 289,8
82 291,7
82 292,26
82 293,9
82 294,19
82 295,9
82 297,10
82 298,10
82 299,9
83 88,7
83 90,3
83 93,4
83 103,8
83 111,1
83 115,3
83 132,3
83 145,4
83 148,2
83 149,3
83 155,2
83 160,1
83 163,3
83 165,3
83 171,3
83 180,5
83 195,4
83 201,6
83 204,4
83 205,5
83 207,9
83 210,8
83 222,3
83 234,4
83 235,5
83 241,7
83 252,5
83 253,5
83 267,2
83 271,5
83 272,7
83 277,3
83 281,1
83 283,5
83 284,4
83 290,4
83 292,4
83 293,1
83 297,7
84 88,6
84 99,8
84 100,4
84 126,6
84 127,3
84 128,3
84 130,5
84 132,1
84 135,4
84 136,9
84 139,2
84 140,1
84 145,4
84 151,6
84 165,8
84 186,4
84 190,4
84 194,2
84 195,3
84 196,3
84 206,1
84 211,1
84 212,5
84 214,2
84 226,6
84 230,3
84 231,5
84 232,5
84 238,5
84 242,3
84 244,4
84 249,6
84 271,4
84 274,6
84 276,6
84 279,7
85 100,4
85 104,2
85 117,3
85 119,1
85 121,1
85 124,1
85 126,7
85 128,4
85 143,1
85 146,2
85 148,1
85 153,7
85 156,3
85 158,7
85 159,5
85 161,1
85 169,4
85 171,3
85 178,7
85 180,19
85 184,5
85 187,3
85 193,4
85 195,3
85 202,2
85 213,5
85 214,3
85 215,5
85 218,6
85 220,6
85 221,5
85 235,6
85 241,5
85 243,3
85 247,3
85 248,3
85 254,1
85 260,4
85 265,7
85 270,9
85 271,4
85 273,7
85 299,4
86 91,4
86 95,4
86 96,1
86 118,3
86 121,6
86 124,1
86 126,8
86 130,5
86 137,8
86 142,3
86 148,6
86 150,5
86 159,4
86 161,3
86 169,7
86 189,2
86 196,4
86 215,3
86 219,3
86 228,11
86 229,7
86 239,4
86 242,3
86 243,3
86 244,7
86 264,4
86 266,6
86 272,8
86 273,6
86 277,4
86 284,7
86 292,2
86 295,2
86 297,11
87 93,9
87 97,9
87 99,10
87 100,8
87 103,8
87 107,7
87 110,8
87 111,10
87 115,9
87 116,5
87 117,4
87 119,5
87 122,7
87 123,9
87 126,7
87 128,11
87 133,6
87 136,8
87 137,9
87 146,7
87 153,5
87 156,5
87 157,9
87 161,5
87 169,6
87 174,10
87 176,13
87 178,11
87 179,5
87 180,2
87 181,8
87 182,8
87 184,5
87 185,4
87 191,9
87 192,10
87 193,11
87 194,5
87 195,8
87 196,8
87 202,4
87 203,1
87 204,11
87 207,4
87 212,13
87 216,8
87 217,8
87 220,4
87 224,12
87 227,11
87 228,9
87 239,7
87 240,6
87 242,5
87 245,11
87 247,8
87 248,12
87 249,6
87 255,11
87 256,10
87 259,12
87 261,9
87 265,12
87 268,9
87 271,6
87 272,19
87 278,15
87 279,7
87 281,11
87 283,8
87 288,8
87 292,22
87 297,10
87 298,14
87 299,7
88 91,6
88 92,7
88 93,10
88 94,12
88 95,4
88 100,7
88 102,13
88 103,5
88 104,9
88 105,9
88 106,14
88 108,11
88 114,7
88 116,4
88 117,7
88 119,10
88 121,13
88 126,8
88 130,7
88 131,6
88 133,7
88 135,4
88 136,9
88 142,8
88 145,7
88 146,7
88 147,17
88 151,8
88 152,6
88 155,9
88 161,12
88 165,14
88 166,6
88 177,9
88 179,5
88 184,1
88 186,10
88 189,10
88 190,14
88 193,9
88 195,4
88 203,2
88 206,13
88 208,13
88 217,8
88 224,8
88 225,12
88 227,9
88 230,2
88 243,8
88 246,12
88 252,9
88 253,9
88 258,8
88 262,4
88 264,5
88 265,6
88 269,6
88 271,8
88 273,8
88 274,3
88 277,4
88 278,9
88 283,7
88 284,7
88 292,9
88 295,15
88 299,8
89 93,7
89 97,7
89 107,4
89 108,2
89 116,3
89 118,4
89 124,1
89 126,9
89 131,3
89 138,5
89 147,9
89 153,4
89 159,7
89 163,4
89 164,2
89 167,4
89 179,2
89 181,4
89 189,3
89 191,6
89 193,5
89 194,8
89 204,2
89 209,6
89 215,6
89 220,5
89 221,9
89 225,4
89 237,5
89 241,6
89 256,4
89 260,3
89 262,5
89 263,2
89 269,6
89 288,4
89 289,2
89 290,6
89 292,4
89 295,2
90 100,5
90 102,1
90 105,2
90 114,6
90 119,3
90 135,5
90 136,7
90 138,3
90 150,2
90 153,8
90 155,2
90 165,5
90 169,3
90 179,1
90 188,3
90 194,4
90 207,9
90 209,1
90 212,4
90 227,14
90 245,7
90 247,3
90 248,3
90 249,4
90 255,5
90 267,6
90 276,3
90 279,7
90 288,5
90 292,2
90 293,8
90 294,2
90 299,6
91 94,11
91 96,8
91 101,10
91 102,5
91 108,15
91 109,10
91 112,6
91 114,7
91 115,9
91 118,8
91 119,7
91 124,6
91 125,10
91 126,8
91 127,7
91 129,8
91 131,4
91 136,10
91 138,4
91 140,7
91 149,10
91 151,16
91 160,13
91 162,8
91 163,9
91 169,8
91 170,13
91 171,13
91 172,8
91 174,12
91 175,6
91 178,17
91 181,18
91 182,10
91 183,11
91 184,8
91 185,14
91 188,16
91 191,6
91 192,5
91 194,11
91 196,7
91 207,8
91 208,9
91 210,14
91 211,10
91 214,5
91 216,10
91 222,9
91 224,11
91 228,11
91 230,10
91 233,11
91 234,8
91 236,9
91 238,6
91 239,8
91 240,8
91 243,5
91 246,8
91 247,8
91 250,8
91 251,19
91 253,9
91 258,11
91 259,12
91 263,8
91 265,13
91 271,13
91 272,10
91 275,8
91 276,9
91 279,9
91 285,9
91 286,8
91 288,6
91 289,14
91 290,15
91 292,12
91 293,8
91 294,7
91 297,17
91 298,8
91 299,5
92 98,3
92 100,8
92 107,7
92 108,1
92 117,4
92 121,5
92 125,3
92 139,4
92 147,6
92 151,3
92 153,2
92 154,3
92 171,4
92 185,5
92 188,5
92 196,3
92 197,4
92 202,2
92 207,5
92 208,2
92 210,5
92 217,4
92 227,3
92 242,4
92 251,7
92 252,2
92 253,7
92 254,2
92 268,2
92 286,3
92 289,4
92 295,3
93 97,8
93 98,11
93 103,8
93 105,4
93 109,8
93 112,3
93 114,10
93 116,12
93 121,8
93 123,4
93 125,14
93 130,15
93 134,7
93 136,15
93 137,10
93 138,6
93 141,16
93 144,7
93 145,18
93 147,12
93 150,7
93 151,11
93 152,12
93 154,7
93 156,10
93 158,10
93 159,18
93 161,12
93 164,12
93 166,15
93 167,11
93 170,14
93 171,16
93 175,13
93 177,17
93 181,24
93 187,11
93 188,9
93 189,5
93 190,20
93 195,11
93 196,17
93 198,10
93 200,11
93 202,25
93 205,10
93 207,7
93 209,5
93 210,13
93 211,12
93 213,10
93 215,13
93 216,20
93 225,17
93 232,9
93 234,18
93 235,4
93 236,12
93 241,5
93 242,5
93 246,8
93 247,8
93 255,7
93 256,5
93 257,15
93 260,7
93 261,3
93 262,5
93 268,22
93 269,8
93 273,12
93 274,8
93 275,10
93 276,13
93 278,13
93 283,6
93 285,9
93 286,9
93 288,16
93 289,5
94 95,4
94 96,4
94 98,3
94 104,6
94 106,2
94 109,2
94 111,5
94 121,4
94 123,8
94 124,5
94 127,5
94 129,4
94 131,3
94 133,5
94 139,9
94 140,6
94 155,6
94 158,3
94 159,6
94 160,4
94 161,7
94 170,1
94 173,1
94 185,3
94 198,7
94 200,3
94 201,5
94 202,4
94 207,8
94 211,7
94 214,2
94 221,4
94 223,2
94 225,7
94 230,3
94 231,4
94 242,1
94 244,3
94 247,3
94 248,4
94 251,10
94 252,6
94 253,11
94 255,2
94 262,4
94 263,9
94 265,5
94 266,6
94 269,1
94 271,3
94 273,5
94 279,10
94 280,2
94 293,7
94 295,2
94 298,9
95 104,6
95 105,4
95 118,4
95 123,2
95 124,6
95 125,3
95 127,5
95 131,2
95 133,9
95 149,2
95 151,6
95 155,2
95 161,4
95 162,4
95 163,2
95 169,3
95 171,4
95 182,5
95 192,8
95 202,2
95 203,1
95 213,3
95 220,3
95 239,1
95 240,9
95 248,3
95 251,6
95 252,3
95 260,3
95 264,3
95 267,4
95 268,6
95 270,3
95 281,1
95 288,5
95 291,3
95 297,6
96 109,1
96 123,1
96 130,2
96 149,2
96 150,8
96 155,2
96 162,6
96 169,4
96 170,3
96 171,6
96 173,3
96 179,2
96 180,7
96 183,6
96 185,6
96 187,5
96 189,1
96 192,2
96 194,5
96 204,1
96 210,3
96 215,5
96 217,4
96 220,4
96 231,1
96 234,2
96 235,6
96 236,1
96 259,4
96 263,4
96 264,3
96 265,5
96 269,6
96 277,1
96 286,5
96 287,1
96 294,1
96 297,7
97 98,10
97 102,13
97 103,12
97 104,9
97 108,20
97 112,8
97 113,17
97 114,10
97 117,9
97 124,16
97 126,18
97 129,7
97 135,10
97 136,12
97 138,18
97 142,20
97 143,3
97 145,11
97 146,7
97 148,15
97 149,9
97 150,18
97 154,11
97 156,15
97 159,14
97 160,11
97 162,21
97 166,7
97 170,9
97 172,12
97 174,23
97 180,5
97 181,17
97 182,10
97 184,8
97 185,14
97 187,13
97 190,10
97 191,5
97 194,7
97 195,10
97 196,13
97 197,15
97 200,6
97 201,10
97 203,3
97 205,19
97 207,17
97 209,9
97 212,9
97 215,10
97 218,7
97 221,8
97 228,13
97 230,13
97 231,4
97 234,13
97 237,16
97 238,18
97 242,12
97 244,9
97 251,12
97 254,24
97 256,8
97 259,8
97 264,8
97 266,6
97 267,18
97 268,8
97 273,7
97 277,17
97 278,13
97 282,11
97 283,4
97 291,8
97 293,15
97 295,9
97 297,9
97 298,17
98 101,4
98 102,3
98 105,5
98 115,5
98 116,23
98 118,3
98 121,7
98 122,9
98 124,3
98 130,7
98 131,10
98 132,11
98 135,7
98 137,8
98 140,8
98 141,12
98 142,10
98 143,7
98 146,4
98 147,7
98 148,5
98 149,4
98 151,6
98 155,7
98 159,4
98 164,6
98 166,9
98 172,4
98 174,5
98 176,6
98 177,7
98 182,9
98 187,4
98 192,9
98 194,3
98 195,7
98 197,4
98 201,1
98 202,3
98 206,9
98 210,10
98 215,8
98 217,8
98 226,3
98 228,6
98 229,10
98 231,6
98 232,2
98 234,16
98 235,9
98 248,2
98 258,2
98 265,7
98 270,6
98 274,7
98 277,4
98 279,7
98 284,10
98 289,8
99 103,7
99 104,3
99 115,5
99 124,11
99 128,2
99 130,4
99 132,4
99 133,8
99 134,4
99 139,8
99 140,7
99 144,6
99 148,9
99 156,4
99 159,6
99 165,7
99 172,4
99 174,3
99 175,5
99 176,2
99 178,4
99 182,10
99 188,7
99 193,5
99 195,7
99 198,3
99 202,2
99 204,2
99 210,4
99 211,5
99 213,5
99 214,10
99 217,7
99 218,2
99 219,2
99 222,3
99 223,6
99 229,11
99 233,5
99 235,3
99 238,5
99 240,9
99 244,6
99 245,6
99 247,5
99 252,4
99 255,6
99 257,12
99 258,2
99 273,6
99 276,13
99 283,2
99 288,9
99 289,9
99 291,2
99 294,3
100 110,12
100 115,11
100 116,3
100 120,6
100 124,5
100 125,7
100 139,4
100 142,7
100 143,3
100 146,13
100 149,16
100 152,11
100 154,10
100 156,6
100 158,9
100 159,10
100 162,5
100 165,10
100 166,8
100 169,2
100 170,11
100 174,8
100 175,13
100 177,10
100 179,13
100 182,7
100 185,18
100 190,15
100 191,2
100 196,11
100 199,11
100 200,7
100 201,13
100 204,8
100 207,14
100 211,11
100 213,7
100 214,4
100 217,16
100 218,16
100 219,9
100 223,12
100 225,11
100 227,15
100 228,7
100 232,6
100 233,10
100 238,15
100 242,18
100 243,4
100 244,4
100 245,7
100 246,8
100 248,12
100 249,6
100 252,14
100 253,10
100 256,6
100 261,10
100 266,7
100 267,4
100 269,18
100 270,5
100 279,13
100 281,8
100 283,5
100 292,5
100 294,4
100 296,7
101 103,5
101 106,1
101 116,2
101 118,7
101 122,5
101 133,27
101 136,5
101 144,5
101 151,3
101 153,4
101 154,6
101 156,1
101 157,2
101 161,5
101 162,3
101 164,5
101 168,3
101 169,6
101 172,3
101 177,4
101 190,4
101 191,3
101 206,5
101 209,7
101 215,3
101 218,2
101 226,5
101 240,7
101 246,5
101 251,4
101 252,6
101 255,2
101 256,2
101 260,1
101 270,5
101 271,8
101 279,5
101 281,1
101 294,4
101 296,3
102 105,3
102 106,2
102 113,7
102 122,7
102 128,1
102 131,3
102 133,9
102 139,4
102 148,4
102 149,7
102 157,3
102 158,2
102 175,2
102 180,6
102 190,6
102 193,3
102 201,1
102 202,3
102 217,2
102 224,5
102 231,4
102 236,5
102 242,2
102 243,5
102 246,4
102 247,4
102 248,2
102 251,6
102 256,5
102 261,6
102 265,7
102 271,7
102 273,8
102 276,6
102 280,1
102 284,5
103 105,5
103 106,14
103 108,9
103 110,7
103 111,3
103 112,7
103 117,7
103 118,3
103 120,10
103 122,7
103 125,5
103 131,7
103 133,16
103 137,6
103 146,5
103 148,8
103 156,11
103 159,11
103 165,9
103 169,10
103 170,10
103 173,5
103 177,9
103 180,6
103 181,6
103 186,11
103 196,5
103 206,9
103 209,8
103 210,7
103 211,7
103 217,5
103 221,9
103 222,10
103 226,6
103 228,6
103 229,9
103 230,2
103 232,5
103 234,11
103 235,8
103 244,11
103 245,13
103 246,7
103 247,11
103 251,5
103 260,7
103 261,10
103 269,2
103 270,11
103 272,10
103 274,3
103 278,9
103 290,8
103 293,13
103 295,2
103 298,9
104 108,3
104 117,5
104 118,6
104 120,9
104 124,2
104 136,5
104 138,6
104 140,2
104 142,9
104 144,3
104 146,3
104 150,5
104 155,2
104 166,7
104 168,6
104 170,1
104 182,14
104 185,2
104 186,7
104 187,6
104 192,5
104 197,8
104 208,4
104 209,5
104 211,3
104 217,7
104 219,3
104 221,2
104 224,5
104 225,4
104 234,3
104 240,2
104 241,8
104 243,3
104 246,2
104 249,4
104 250,4
104 256,2
104 257,8
104 258,2
104 261,12
104 279,1
104 281,3
104 287,7
104 289,1
104 293,2
105 106,3
105 109,3
105 115,2
105 116,4
105 134,2
105 135,4
105 143,2
105 144,3
105 157,1
105 161,4
105 168,3
105 180,5
105 184,3
105 189,1
105 193,14
105 195,6
105 201,4
105 206,5
105 211,1
105 219,2
105 221,6
105 245,4
105 257,3
105 260,4
105 264,3
105 277,4
105 282,5
105 290,3
105 291,1
105 292,4
105 296,4
106 126,6
106 131,3
106 146,3
106 147,2
106 177,4
106 184,5
106 185,1
106 186,4
106 187,6
106 190,2
106 192,2
106 199,4
106 200,3
106 201,8
106 206,3
106 207,5
106 208,4
106 212,7
106 214,3
106 230,4
106 236,4
106 244,3
106 246,3
106 247,1
106 249,2
106 252,4
106 253,2
106 257,2
106 259,3
106 260,3
106 262,5
106 263,3
106 270,4
106 292,5
106 299,7
107 113,2
107 118,10
107 120,10
107 121,11
107 123,7
107 126,7
107 128,5
107 129,6
107 135,2
107 139,10
107 141,5
107 146,5
107 147,10
107 148,8
107 149,8
107 152,3
107 153,5
107 156,4
107 158,6
107 162,7
107 164,4
107 167,7
107 170,8
107 177,8
107 178,4
107 181,2
107 186,5
107 187,9
107 194,6
107 196,7
107 199,10
107 200,10
107 201,6
107 208,7
107 215,13
107 217,10
107 222,6
107 225,10
107 226,8
107 227,9
107 228,10
107 235,7
107 238,6
107 239,10
107 250,13
107 251,8
107 255,4
107 256,23
107 257,5
107 258,18
107 259,7
107 261,6
107 262,5
107 265,10
107 267,7
107 268,7
107 282,6
107 283,12
107 284,3
107 287,8
107 289,10
107 294,11
107 296,7
107 298,6
108 109,1
108 114,7
108 117,3
108 119,3
108 121,2
108 128,1
108 146,4
108 150,2
108 159,8
108 165,3
108 169,4
108 172,5
108 173,1
108 177,5
108 178,4
108 181,6
108 206,3
108 212,2
108 216,4
108 224,5
108 232,2
108 233,4
108 234,2
108 240,3
108 244,5
108 256,2
108 259,3
108 265,3
108 267,3
108 271,4
108 277,4
108 279,5
108 280,3
108 284,4
108 292,4
108 295,3
109 111,3
109 114,6
109 121,4
109 125,2
109 129,4
109 133,5
109 136,5
109 152,2
109 157,4
109 164,5
109 166,2
109 169,5
109 170,4
109 179,2
109 180,4
109 188,1
109 196,4
109 198,6
109 200,6
109 204,1
109 206,2
109 214,4
109 224,3
109 227,2
109 236,6
109 245,9
109 257,5
109 271,5
109 292,2
110 114,3
110 116,2
110 125,4
110 131,1
110 138,6
110 143,4
110 144,9
110 147,4
110 157,8
110 159,5
110 162,8
110 163,3
110 164,3
110 168,4
110 173,3
110 178,6
110 179,6
110 184,6
110 186,2
110 192,5
110 193,6
110 197,6
110 199,6
110 207,8
110 210,7
110 211,7
110 214,12
110 216,4
110 218,5
110 220,7
110 221,7
110 226,3
110 229,10
110 235,2
110 243,5
110 247,5
110 249,4
110 250,4
110 255,9
110 256,3
110 258,5
110 262,7
110 265,13
110 266,5
110 269,9
110 271,7
110 275,6
110 276,3
110 277,4
110 281,4
110 283,6
110 290,12
110 296,4
110 298,8
111 114,4
111 121,4
111 123,7
111 184,3
111 189,1
111 191,3
111 202,4
111 207,6
111 211,3
111 212,6
111 216,1
111 239,2
111 249,4
111 251,8
111 255,7
111 257,4
111 276,2
111 278,3
111 286,1
111 288,4
111 292,4
111 293,5
112 120,4
112 121,2
112 152,2
112 153,10
112 156,5
112 158,5
112 168,3
112 170,7
112 173,3
112 186,4
112 193,4
112 199,5
112 212,4
112 229,5
112 247,5
112 249,2
112 256,2
112 262,2
112 265,5
112 267,1
112 268,5
112 286,5
112 290,6
112 293,3
112 294,4
112 296,5
113 120,6
113 124,11
113 130,4
113 133,7
113 134,9
113 137,5
113 139,9
113 140,5
113 147,14
113 148,7
113 150,5
113 159,4
113 160,6
113 167,6
113 171,4
113 174,4
113 175,5
113 182,5
113 184,7
113 186,4
113 190,8
113 193,4
113 194,8
113 195,6
113 209,5
113 213,10
113 216,8
113 219,2
113 220,4
113 228,6
113 233,10
113 237,14
113 239,7
113 244,10
113 252,10
113 256,8
113 258,12
113 259,15
113 263,9
113 266,5
113 267,6
113 272,16
113 275,6
113 276,6
113 281,1
113 286,10
113 290,7
113 296,10
113 297,6
113 299,5
114 116,6
114 118,14
114 120,9
114 122,17
114 123,11
114 125,11
114 132,10
114 139,5
114 142,6
114 146,8
114 147,12
114 148,9
114 152,9
114 161,7
114 162,6
114 165,11
114 167,13
114 168,4
114 172,17
114 174,8
114 180,15
114 183,7
114 187,11
114 190,6
114 191,9
114 192,12
114 194,8
114 195,9
114 197,12
114 199,11
114 203,1
114 205,11
114 210,7
114 217,9
114 221,9
114 222,12
114 223,6
114 225,7
114 234,21
114 237,12
114 241,10
114 242,3
114 243,19
114 245,5
114 246,11
114 248,11
114 251,13
114 252,8
114 253,8
114 254,14
114 255,5
114 259,10
114 266,5
114 268,7
114 273,13
114 280,7
114 287,10
114 291,7
114 295,9
114 299,8
115 116,5
115 125,2
115 133,7
115 134,4
115 135,3
115 137,6
115 144,6
115 146,4
115 150,1
115 161,5
115 165,3
115 173,3
115 178,3
115 185,4
115 186,4
115 192,5
115 196,10
115 197,2
115 204,2
115 207,6
115 216,4
115 218,4
115 223,4
115 226,5
115 227,4
115 232,5
115 246,8
115 248,3
115 267,5
115 269,5
115 271,5
115 277,4
115 282,3
115 283,3
115 289,6
115 295,2
115 296,7
116 131,7
116 132,3
116 135,2
116 138,4
116 140,1
116 142,3
116 151,3
116 155,2
116 164,4
116 166,4
116 172,3
116 174,3
116 178,2
116 183,4
116 192,3
116 194,3
116 203,2
116 204,1
116 208,1
116 211,4
116 226,5
116 228,7
116 229,5
116 234,4
116 270,6
116 274,3
116 279,4
116 281,1
116 289,8
117 118,1
117 119,4
117 124,3
117 125,2
117 126,9
117 134,2
117 140,5
117 152,5
117 155,3
117 156,4
117 159,7
117 162,8
117 165,8
117 166,3
117 171,3
117 172,7
117 176,8
117 177,5
117 182,8
117 189,2
117 194,5
117 201,5
117 203,2
117 211,3
117 214,6
117 215,4
117 217,11
117 231,2
117 232,4
117 235,11
117 238,1
117 242,3
117 243,4
117 245,10
117 246,4
117 249,3
117 252,5
117 254,5
117 257,3
117 260,2
117 267,1
117 269,2
117 271,3
117 273,5
117 276,13
117 281,2
117 283,10
117 285,4
117 286,7
117 287,2
117 289,11
117 295,7
117 299,3
118 119,4
118 121,8
118 129,2
118 132,6
118 135,6
118 139,8
118 141,10
118 144,9
118 150,4
118 151,12
118 154,5
118 156,3
118 159,5
118 168,2
118 169,5
118 174,8
118 181,2
118 183,9
118 188,11
118 191,13
118 192,10
118 199,12
118 203,3
118 209,16
118 210,12
118 215,2
118 217,6
118 222,5
118 233,7
118 237,6
118 240,9
118 241,6
118 243,10
118 246,8
118 248,7
118 252,5
118 253,4
118 254,5
118 258,10
118 259,14
118 261,9
118 266,7
118 268,6
118 273,3
118 281,2
118 283,3
118 286,14
118 290,6
118 291,3
118 293,11
118 295,2
118 296,7
118 299,5
119 120,4
119 121,4
119 123,5
119 127,5
119 128,2
119 129,1
119 136,8
119 142,4
119 144,8
119 145,5
119 146,3
119 148,9
119 150,3
119 151,9
119 159,6
119 160,4
119 161,5
119 163,6
119 167,6
119 173,6
119 176,12
119 177,3
119 184,2
119 187,5
119 189,4
119 195,1
119 200,3
119 217,6
119 219,2
119 220,5
119 221,3
119 223,4
119 224,10
119 232,3
119 233,8
119 245,7
119 246,8
119 248,3
119 251,6
119 253,6
119 263,3
119 264,6
119 269,9
119 283,8
119 288,4
119 290,2
119 292,3
119 294,3
119 298,6
120 126,7
120 132,4
120 138,6
120 154,4
120 160,1
120 161,6
120 162,5
120 165,4
120 168,3
120 172,8
120 180,5
120 182,5
120 184,2
120 185,4
120 186,8
120 187,5
120 191,4
120 199,3
120 204,1
120 209,1
120 217,11
120 228,3
120 232,3
120 233,1
120 235,9
120 238,1
120 242,4
120 245,4
120 246,1
120 253,1
120 256,2
120 261,9
120 271,8
120 281,4
120 289,3
120 291,3
121 123,5
121 128,2
121 129,3
121 130,6
121 132,5
121 140,2
121 144,1
121 160,3
121 162,3
121 166,7
121 175,8
121 176,5
121 179,2
121 193,2
121 197,2
121 200,5
121 209,4
121 214,1
121 221,5
121 225,7
121 226,6
121 229,6
121 233,2
121 234,5
121 239,9
121 246,6
121 256,4
121 266,2
121 274,7
121 278,5
121 295,1
121 296,2
121 297,1
122 123,6
122 127,8
122 128,11
122 129,5
122 130,12
122 133,14
122 137,4
122 138,2
122 139,3
122 141,8
122 142,12
122 143,15
122 144,7
122 146,8
122 150,6
122 158,9
122 166,9
122 172,5
122 173,12
122 174,8
122 176,6
122 184,6
122 185,3
122 187,8
122 189,12
122 192,6
122 193,15
122 197,9
122 198,6
122 200,5
122 203,4
122 205,7
122 209,11
122 215,15
122 220,8
122 222,13
122 232,18
122 236,10
122 238,6
122 240,4
122 244,6
122 245,9
122 247,8
122 248,16
122 250,6
122 252,8
122 257,5
122 259,9
122 265,13
122 269,6
122 270,7
122 271,6
122 272,14
122 273,5
122 274,11
122 279,5
122 285,8
122 287,6
122 292,10
122 295,7
122 297,8
122 299,1
123 127,6
123 132,4
123 140,2
123 145,3
123 149,7
123 150,7
123 152,3
123 163,4
123 166,4
123 169,3
123 173,6
123 175,6
123 176,7
123 177,5
123 189,4
123 192,7
123 194,4
123 201,1
123 203,2
123 219,6
123 220,3
123 221,2
123 227,5
123 243,2
123 248,7
123 251,6
123 254,6
123 258,7
123 259,6
123 260,3
123 263,4
123 271,4
123 290,4
123 298,8
124 136,8
124 139,7
124 144,7
124 159,6
124 165,2
124 171,5
124 173,1
124 179,5
124 182,7
124 187,6
124 188,5
124 192,3
124 198,7
124 201,5
124 205,5
124 218,5
124 227,4
124 233,11
124 237,3
124 240,11
124 254,5
124 255,8
124 258,4
124 264,3
124 270,7
124 273,5
124 284,2
124 292,2
124 297,6
124 298,12
124 299,7
125 126,6
125 128,1
125 131,5
125 133,9
125 135,1
125 141,2
125 147,3
125 151,4
125 152,6
125 158,3
125 162,5
125 164,7
125 177,5
125 184,2
125 187,7
125 190,7
125 194,5
125 199,3
125 202,5
125 208,1
125 230,3
125 232,3
125 233,6
125 242,5
125 251,8
125 253,9
125 255,8
125 259,6
125 262,6
125 267,4
125 276,5
125 286,7
125 292,3
125 296,6
125 298,9
126 131,4
126 133,8
126 134,9
126 136,11
126 137,8
126 138,14
126 140,7
126 141,12
126 142,8
126 144,6
126 145,5
126 151,11
126 154,6
126 155,11
126 158,7
126 160,13
126 163,6
126 164,10
126 165,10
126 167,10
126 168,8
126 169,13
126 170,10
126 171,14
126 172,9
126 174,11
126 177,18
126 191,13
126 196,8
126 204,11
126 207,8
126 212,16
126 215,6
126 219,3
126 222,5
126 225,13
126 226,17
126 229,13
126 230,10
126 231,10
126 232,3
126 235,10
126 237,11
126 238,5
126 239,9
126 241,7
126 242,21
126 250,6
126 254,9
126 258,14
126 261,7
126 270,9
126 273,9
126 274,8
126 276,6
126 284,9
126 285,7
126 287,4
126 290,4
126 291,5
126 293,13
126 295,17
126 298,7
126 299,11
127 133,2
127 136,8
127 148,4
127 152,1
127 158,8
127 159,3
127 160,1
127 164,3
127 169,5
127 170,2
127 179,3
127 191,2
127 195,3
127 199,3
127 200,9
127 201,2
127 202,2
127 203,2
127 205,4
127 208,3
127 218,1
127 231,3
127 240,1
127 242,2
127 249,2
127 253,9
127 261,5
127 281,1
127 283,1
127 285,4
127 287,2
127 290,7
127 292,3
127 297,9
127 298,7
128 143,2
128 147,1
128 153,8
128 158,4
128 160,2
128 185,5
128 188,1
128 202,2
128 206,2
128 213,1
128 223,2
128 224,3
128 226,1
128 227,3
128 231,2
128 237,4
128 241,2
128 245,3
128 247,1
128 248,6
128 252,6
128 253,3
128 259,5
128 270,3
128 273,4
128 275,4
128 278,4
128 279,4
128 281,4
128 284,3
128 291,2
128 292,4
128 293,5
129 131,12
129 135,4
129 136,5
129 139,2
129 140,15
129 141,7
129 143,16
129 144,5
129 149,17
129 150,4
129 153,8
129 157,11
129 158,2
129 165,2
129 167,2
129 173,12
129 174,6
129 175,3
129 178,6
129 182,13
129 183,5
129 187,12
129 189,5
129 191,11
129 193,15
129 197,2
129 198,6
129 200,16
129 202,2
129 204,16
129 210,6
129 219,7
129 220,13
129 222,5
129 223,2
129 225,2
129 230,12
129 232,5
129 238,16
129 239,5
129 240,2
129 244,6
129 245,3
129 249,5
129 254,6
129 256,15
129 257,3
129 258,5
129 267,4
129 270,3
129 271,14
129 273,6
129 280,18
129 281,18
129 282,4
129 288,8
129 289,11
129 292,7
129 293,15
129 295,2
129 296,12
130 136,5
130 140,6
130 143,2
130 147,6
130 148,4
130 151,4
130 152,18
130 157,6
130 159,3
130 163,6
130 172,8
130 173,4
130 178,4
130 182,6
130 185,1
130 200,7
130 201,2
130 208,2
130 209,8
130 214,5
130 217,6
130 218,4
130 220,6
130 232,4
130 235,6
130 236,4
130 238,5
130 241,6
130 244,5
130 249,5
130 259,4
130 261,10
130 265,3
130 268,6
130 272,8
130 275,7
130 276,3
130 278,9
130 279,3
130 282,5
130 290,3
130 294,5
130 299,3
131 138,5
131 143,4
131 153,7
131 163,1
131 168,1
131 173,6
131 179,6
131 184,4
131 186,5
131 192,2
131 193,5
131 210,6
131 214,5
131 216,3
131 218,4
131 219,3
131 227,2
131 232,5
131 235,7
131 249,4
131 250,4
131 266,3
131 270,6
131 275,6
131 277,3
131 281,3
131 293,8
131 296,5
132 137,19
132 139,6
132 145,7
132 150,3
132 162,4
132 164,4
132 170,7
132 181,2
132 184,3
132 185,4
132 200,3
132 202,1
132 203,2
132 205,2
132 206,3
132 208,3
132 210,6
132 226,6
132 228,6
132 233,6
132 235,12
132 238,6
132 244,5
132 245,5
132 248,1
132 263,6
132 266,7
132 281,3
132 284,5
133 138,6
133 144,6
133 150,6
133 151,8
133 156,4
133 157,10
133 160,13
133 161,7
133 164,10
133 168,4
133 169,14
133 172,3
133 176,6
133 177,9
133 181,4
133 186,5
133 190,7
133 194,6
133 196,4
133 199,6
133 206,14
133 209,8
133 211,2
133 213,12
133 214,12
133 215,6
133 218,4
133 223,13
133 226,6
133 227,3
133 229,13
133 232,8
133 236,4
133 240,8
133 242,5
133 246,9
133 248,2
133 251,10
133 255,5
133 256,3
133 257,7
133 260,14
133 264,6
133 266,5
133 268,8
133 270,7
133 271,11
133 279,7
133 290,15
133 291,4
133 293,13
133 294,4
133 295,4
133 296,8
134 136,8
134 138,3
134 147,6
134 151,5
134 164,3
134 177,4
134 180,5
134 181,8
134 189,1
134 193,2
134 194,6
134 196,9
134 197,6
134 199,6
134 201,6
134 205,5
134 211,6
134 218,5
134 219,2
134 223,6
134 226,4
134 228,9
134 229,6
134 231,4
134 235,9
134 236,4
134 244,6
134 252,8
134 259,3
134 263,8
134 270,8
134 275,4
134 283,8
134 292,4
134 295,2
135 136,8
135 141,5
135 142,2
135 154,4
135 164,5
135 176,4
135 181,2
135 183,4
135 197,5
135 204,2
135 207,6
135 212,6
135 216,1
135 234,3
135 236,1
135 237,1
135 245,4
135 246,2
135 265,4
135 266,5
135 267,5
135 280,1
135 290,4
135 298,6
136 141,12
136 144,8
136 148,12
136 149,10
136 151,17
136 154,10
136 155,9
136 158,7
136 159,6
136 164,8
136 165,10
136 170,8
136 174,6
136 177,7
136 183,8
136 185,5
136 187,9
136 188,8
136 190,8
136 192,4
136 195,8
136 197,10
136 198,7
136 199,13
136 200,9
136 203,1
136 205,16
136 207,8
136 210,12
136 227,9
136 228,15
136 231,8
136 232,17
136 237,5
136 238,9
136 239,3
136 240,6
136 244,8
136 245,7
136 252,6
136 257,9
136 260,8
136 261,10
136 268,8
136 269,7
136 270,3
136 274,8
136 277,2
136 280,3
136 282,10
136 290,3
136 297,10
136 299,7
137 139,4
137 140,5
137 145,8
137 147,5
137 156,4
137 162,3
137 168,5
137 170,9
137 171,5
137 173,3
137 174,7
137 180,5
137 185,2
137 187,1
137 190,9
137 192,8
137 200,8
137 202,1
137 204,3
137 206,7
137 209,6
137 210,1
137 212,8
137 218,3
137 221,4
137 225,5
137 226,5
137 228,13
137 229,5
137 231,8
137 233,4
137 234,8
137 235,5
137 238,6
137 245,5
137 249,2
137 254,1
137 263,6
137 266,11
137 273,6
137 274,7
137 284,7
138 139,6
138 147,5
138 150,7
138 156,11
138 160,3
138 161,10
138 162,10
138 164,3
138 167,8
138 170,9
138 174,8
138 176,2
138 179,4
138 184,14
138 191,13
138 197,8
138 201,7
138 203,1
138 206,4
138 211,4
138 212,6
138 213,10
138 216,14
138 221,10
138 223,16
138 224,6
138 228,12
138 229,4
138 230,1
138 233,3
138 237,5
138 239,9
138 240,5
138 241,9
138 242,3
138 244,7
138 246,4
138 247,9
138 249,7
138 251,9
138 252,9
138 253,4
138 260,11
138 265,11
138 267,5
138 270,5
138 275,6
138 278,6
138 280,5
138 281,13
138 285,5
138 286,6
138 293,12
138 294,8
139 140,5
139 156,7
139 158,6
139 164,2
139 172,5
139 186,4
139 197,6
139 201,2
139 202,2
139 204,1
139 215,6
139 216,4
139 219,3
139 223,9
139 226,4
139 227,3
139 234,6
139 239,7
139 242,1
140 144,5
140 154,3
140 160,4
140 161,4
140 176,5
140 182,7
140 186,8
140 188,5
140 189,2
140 191,3
140 192,3
140 202,6
140 203,3
140 211,2
140 219,8
140 230,2
140 231,5
140 236,6
140 239,8
140 248,3
140 251,9
140 254,3
140 263,5
140 273,6
140 277,5
140 278,5
140 284,7
140 286,5
140 288,5
140 291,2
140 296,5
141 143,3
141 146,6
141 154,8
141 161,4
141 164,7
141 169,6
141 180,2
141 182,3
141 184,8
141 188,4
141 189,2
141 201,5
141 202,2
141 206,1
141 213,4
141 218,3
141 223,5
141 224,6
141 226,6
141 228,6
141 229,7
141 238,8
141 250,5
141 256,5
141 265,6
141 268,6
141 281,2
141 286,6
141 289,10
141 293,4
141 294,7
142 143,4
142 149,9
142 154,8
142 157,3
142 158,6
142 159,5
142 165,5
142 178,4
142 184,6
142 187,5
142 189,2
142 190,7
142 201,10
142 203,1
142 205,6
142 213,7
142 228,4
142 230,1
142 233,5
142 234,4
142 236,5
142 243,5
142 244,5
142 252,7
142 263,5
142 270,9
142 278,7
142 281,1
142 292,5
142 298,8
143 144,7
143 149,6
143 152,2
143 153,6
143 167,5
143 176,2
143 178,3
143 184,1
143 189,2
143 192,2
143 198,4
143 199,4
143 204,2
143 216,2
143 240,5
143 245,3
143 249,4
143 253,1
143 255,2
143 260,1
143 274,3
143 281,2
143 289,4
143 290,3
143 293,3
143 295,3
143 296,2
143 298,6
144 145,7
144 146,5
144 149,6
144 154,10
144 155,5
144 162,3
144 165,6
144 171,5
144 173,8
144 190,6
144 192,8
144 207,7
144 210,7
144 224,7
144 225,4
144 226,8
144 231,7
144 233,5
144 255,6
144 267,5
144 271,7
144 275,9
144 287,7
144 297,5
145 149,8
145 150,7
145 151,10
145 154,7
145 157,4
145 161,7
145 162,7
145 165,3
145 168,8
145 171,5
145 193,5
145 197,4
145 201,6
145 205,5
145 206,9
145 207,9
145 210,3
145 211,3
145 216,3
145 222,1
145 223,4
145 226,9
145 228,6
145 229,7
145 231,11
145 233,4
145 234,6
145 235,4
145 238,6
145 247,4
145 257,7
145 263,5
145 268,5
145 273,7
145 275,7
145 277,2
145 283,5
145 285,5
145 288,5
145 294,3
145 296,9
145 297,5
146 147,6
146 156,7
146 159,6
146 162,5
146 165,5
146 166,9
146 173,5
146 192,7
146 193,6
146 194,2
146 210,5
146 219,6
146 228,10
146 237,8
146 238,7
146 239,6
146 252,5
146 254,5
146 257,7
146 272,10
146 275,6
146 276,6
147 148,8
147 155,6
147 160,7
147 162,4
147 163,6
147 165,7
147 166,8
147 167,8
147 176,7
147 180,13
147 183,9
147 185,1
147 191,6
147 195,7
147 199,6
147 204,5
147 205,6
147 206,6
147 208,3
147 210,11
147 212,3
147 213,7
147 221,7
147 222,4
147 225,7
147 228,8
147 230,2
147 233,5
147 234,8
147 235,7
147 237,9
147 241,6
147 243,3
147 253,7
147 254,1
147 257,7
147 267,14
147 270,8
147 271,4
147 272,9
147 280,1
147 283,15
147 284,7
147 288,9
147 290,13
147 293,7
147 297,3
147 298,5
148 152,6
148 157,2
148 159,5
148 163,6
148 170,10
148 175,9
148 176,6
148 178,4
148 195,5
148 197,5
148 200,9
148 207,8
148 214,5
148 215,2
148 222,5
148 223,7
148 232,6
148 244,7
148 245,7
148 247,3
148 248,4
148 267,6
148 268,11
148 269,7
148 273,8
148 279,6
148 281,3
148 285,6
148 289,6
149 150,13
149 151,13
149 154,16
149 156,6
149 160,6
149 161,6
149 163,7
149 164,4
149 169,10
149 170,9
149 174,14
149 178,18
149 179,4
149 180,8
149 183,7
149 185,4
149 189,4
149 190,5
149 191,11
149 196,12
149 199,12
149 202,4
149 204,10
149 205,12
149 206,15
149 211,11
149 216,11
149 224,13
149 226,10
149 227,4
149 237,9
149 238,6
149 239,6
149 243,12
149 251,12
149 252,5
149 255,4
149 257,4
149 258,20
149 260,4
149 261,8
149 271,19
149 273,7
149 275,10
149 277,4
149 278,7
149 279,4
149 280,6
149 283,6
149 284,10
149 289,9
149 298,7
149 299,5
150 154,6
150 169,18
150 171,8
150 180,10
150 181,7
150 183,8
150 189,9
150 191,6
150 193,5
150 194,2
150 195,4
150 202,4
150 205,6
150 208,15
150 213,8
150 216,8
150 219,6
150 224,6
150 227,14
150 228,8
150 234,5
150 239,9
150 241,7
150 249,2
150 251,7
150 254,9
150 258,14
150 261,11
150 264,6
150 268,9
150 272,17
150 273,7
150 279,4
150 281,6
150 286,9
150 287,5
150 296,3
150 297,12
151 152,5
151 154,10
151 155,3
151 166,2
151 175,4
151 182,3
151 183,4
151 199,7
151 205,5
151 212,7
151 214,8
151 229,10
151 231,8
151 235,5
151 236,4
151 237,8
151 238,9
151 245,2
151 246,4
151 249,5
151 254,2
151 260,7
151 267,4
151 269,4
151 271,7
151 285,8
151 286,8
151 287,5
151 299,7
152 157,1
152 174,1
152 177,6
152 182,4
152 190,5
152 196,5
152 200,2
152 202,2
152 204,1
152 216,2
152 219,5
152 226,4
152 227,5
152 229,1
152 232,7
152 234,6
152 235,4
152 237,2
152 241,5
152 249,6
152 252,6
152 276,9
152 279,4
152 282,4
152 290,3
152 291,2
152 299,6
153 154,4
153 155,2
153 156,4
153 157,9
153 158,11
153 161,2
153 162,7
153 164,2
153 168,4
153 170,3
153 171,5
153 173,9
153 176,4
153 183,8
153 184,6
153 185,2
153 187,3
153 188,12
153 193,5
153 199,14
153 203,3
153 208,10
153 209,15
153 212,12
153 215,5
153 218,5
153 221,9
153 225,6
153 228,7
153 237,10
153 239,4
153 240,9
153 242,3
153 244,10
153 245,6
153 247,7
153 248,16
153 249,13
153 250,10
153 252,8
153 256,24
153 257,5
153 263,5
153 265,13
153 275,6
153 276,6
153 279,6
153 280,7
153 281,12
153 283,3
153 287,1
153 291,7
153 293,13
154 156,8
154 161,6
154 162,9
154 165,8
154 168,2
154 176,5
154 186,6
154 190,8
154 195,1
154 197,6
154 203,3
154 205,5
154 206,9
154 207,10
154 208,4
154 210,4
154 211,1
154 212,9
154 214,3
154 220,2
154 222,3
154 226,12
154 231,8
154 232,8
154 238,9
154 244,3
154 248,3
154 249,3
154 250,8
154 254,6
154 256,4
154 258,6
154 263,3
154 271,11
154 272,7
154 274,9
154 275,7
154 276,14
154 277,3
154 279,6
154 283,5
154 287,7
154 295,4
154 299,6
155 161,6
155 165,6
155 167,6
155 171,5
155 174,3
155 184,4
155 193,6
155 196,9
155 203,2
155 206,6
155 207,6
155 210,4
155 213,7
155 215,6
155 217,7
155 228,6
155 234,4
155 236,8
155 238,6
155 240,8
155 247,3
155 253,5
155 262,4
155 266,6
155 267,6
155 274,4
155 283,5
155 290,5
155 296,5
156 159,6
156 167,8
156 189,2
156 190,7
156 193,4
156 197,4
156 198,6
156 202,4
156 205,9
156 206,7
156 208,1
156 215,9
156 220,5
156 227,6
156 232,5
156 234,4
156 236,6
156 237,6
156 252,3
156 274,6
156 276,10
156 286,7
156 290,4
156 291,2
156 295,2
157 160,2
157 169,4
157 171,4
157 173,6
157 176,2
157 186,6
157 194,3
157 199,8
157 209,3
157 210,4
157 212,4
157 226,5
157 227,4
157 232,6
157 234,1
157 236,3
157 244,2
157 249,6
157 262,2
157 264,3
157 275,5
157 276,3
157 281,2
157 282,3
157 283,2
157 288,4
157 290,5
157 296,4
157 297,6
158 169,7
158 171,5
158 172,8
158 173,6
158 175,7
158 179,6
158 194,5
158 195,9
158 217,5
158 224,1
158 227,4
158 241,5
158 242,6
158 243,1
158 246,8
158 251,5
158 257,5
158 268,7
158 269,9
158 274,4
158 279,6
158 291,5
158 292,4
159 165,10
159 172,9
159 176,11
159 177,13
159 179,5
159 181,6
159 183,10
159 184,4
159 188,4
159 190,10
159 191,9
159 193,12
159 194,9
159 195,6
159 198,17
159 201,8
159 202,4
159 207,10
159 209,14
159 211,12
159 212,8
159 217,3
159 219,3
159 222,12
159 224,10
159 228,14
159 229,6
159 230,4
159 238,9
159 241,7
159 243,7
159 245,19
159 247,6
159 248,10
159 249,7
159 251,8
159 252,8
159 254,12
159 260,8
159 262,10
159 270,13
159 272,12
159 276,15
159 280,12
159 284,12
159 285,7
159 287,8
159 291,19
159 292,21
159 293,9
160 162,7
160 164,4
160 168,4
160 172,5
160 176,8
160 178,7
160 182,5
160 201,4
160 203,1
160 204,3
160 213,10
160 214,10
160 229,6
160 230,2
160 231,3
160 232,5
160 244,8
160 250,5
160 251,10
160 261,5
160 270,5
160 271,8
160 272,1
160 274,6
160 282,2
160 288,8
161 162,6
161 178,5
161 184,6
161 190,9
161 193,13
161 198,5
161 203,2
161 212,10
161 213,10
161 217,6
161 222,7
161 224,10
161 226,7
161 231,8
161 238,6
161 241,5
161 243,5
161 246,11
161 247,7
161 251,8
161 261,5
161 265,6
161 270,4
161 271,8
161 272,3
161 273,7
161 275,8
161 276,11
161 277,2
161 278,9
161 284,6
161 291,2
161 296,4
162 164,6
162 166,5
162 167,14
162 168,17
162 171,9
162 172,1
162 175,15
162 176,14
162 180,10
162 181,4
162 184,21
162 188,8
162 191,5
162 192,11
162 196,14
162 197,14
162 200,4
162 201,16
162 202,2
162 207,12
162 209,5
162 212,8
162 213,9
162 223,4
162 224,12
162 230,5
162 232,16
162 234,3
162 238,15
162 240,8
162 241,3
162 243,21
162 245,11
162 247,6
162 250,9
162 252,16
162 253,7
162 256,8
162 260,4
162 261,3
162 265,10
162 267,3
162 269,8
162 270,5
162 271,3
162 276,14
162 277,11
162 278,9
162 280,6
162 281,6
162 282,10
162 284,14
162 285,2
162 286,4
162 287,5
162 292,5
162 297,4
163 166,2
163 168,2
163 170,8
163 174,7
163 175,3
163 185,4
163 188,4
163 195,2
163 210,3
163 216,2
163 218,2
163 220,5
163 243,1
163 247,2
163 249,4
163 250,2
163 253,10
163 255,2
163 257,3
163 259,2
163 260,4
163 264,1
163 270,5
163 284,3
163 288,3
163 289,5
163 293,3
163 295,2
163 297,5
164 166,4
164 169,4
164 172,3
164 175,7
164 176,4
164 177,3
164 184,4
164 187,2
164 193,3
164 196,5
164 201,3
164 203,2
164 206,6
164 211,2
164 213,9
164 215,3
164 217,8
164 218,2
164 224,5
164 227,3
164 231,5
164 233,8
164 243,3
164 245,6
164 246,5
164 248,3
164 251,9
164 253,5
164 254,1
164 256,5
164 260,3
164 264,2
164 269,5
164 283,11
164 288,4
164 291,3
164 294,3
164 299,9
165 169,6
165 170,7
165 171,3
165 180,4
165 182,6
165 196,7
165 201,6
165 203,3
165 208,4
165 218,7
165 221,10
165 224,1
165 234,4
165 236,6
165 240,4
165 241,4
165 242,2
165 244,6
165 246,10
165 248,3
165 261,7
165 270,11
165 277,2
165 279,7
165 285,6
165 289,9
166 171,5
166 173,5
166 176,9
166 180,9
166 185,5
166 191,4
166 195,5
166 200,5
166 210,4
166 215,3
166 216,1
166 217,5
166 220,7
166 221,6
166 223,6
166 230,1
166 246,6
166 247,4
166 254,3
166 260,7
166 263,3
166 269,5
166 288,1
166 290,4
166 298,9
167 168,7
167 169,8
167 171,13
167 173,9
167 177,16
167 180,6
167 181,6
167 183,11
167 186,6
167 189,12
167 190,11
167 194,13
167 195,6
167 196,8
167 197,7
167 198,8
167 200,9
167 205,11
167 206,20
167 207,4
167 208,5
167 211,7
167 212,8
167 215,13
167 216,10
167 218,1
167 219,3
167 220,5
167 222,9
167 224,10
167 225,5
167 226,6
167 231,10
167 232,8
167 233,14
167 234,7
167 236,22
167 237,8
167 242,3
167 248,12
167 249,8
167 250,7
167 257,6
167 260,10
167 264,4
167 266,7
167 272,18
167 274,6
167 278,10
167 282,7
167 284,3
167 297,10
168 171,6
168 180,7
168 182,4
168 187,2
168 188,4
168 189,2
168 194,5
168 196,3
168 202,6
168 215,6
168 223,7
168 224,10
168 225,4
168 231,8
168 242,4
168 243,5
168 247,4
168 251,4
168 252,6
168 253,1
168 260,9
168 263,11
168 265,8
168 275,7
168 277,5
168 278,3
168 281,5
168 283,6
168 294,4
168 295,4
168 298,8
169 172,6
169 182,9
169 186,14
169 189,1
169 191,5
169 194,4
169 211,5
169 214,3
169 215,7
169 217,3
169 218,2
169 224,8
169 226,7
169 228,8
169 235,2
169 236,6
169 239,5
169 245,4
169 250,5
169 251,10
169 261,5
169 271,10
169 275,6
169 287,4
169 289,17
169 292,5
169 296,6
169 299,4
170 172,6
170 188,3
170 192,8
170 193,2
170 200,8
170 201,4
170 205,8
170 207,6
170 209,7
170 211,4
170 213,3
170 219,2
170 220,4
170 223,5
170 251,10
170 257,5
170 265,6
170 268,3
170 271,5
170 279,2
170 294,7
170 295,1
170 296,6
171 174,9
171 178,7
171 179,11
171 180,5
171 183,7
171 184,5
171 189,9
171 190,4
171 191,9
171 193,3
171 199,11
171 200,5
171 201,5
171 203,3
171 206,13
171 207,13
171 211,6
171 219,3
171 223,6
171 226,8
171 227,3
171 229,9
171 231,3
171 233,4
171 235,4
171 236,5
171 239,9
171 240,10
171 243,7
171 246,11
171 248,9
171 250,7
171 251,8
171 252,6
171 254,11
171 255,2
171 256,7
171 259,11
171 260,9
171 262,6
171 263,9
171 271,7
171 283,4
171 284,5
171 293,6
171 295,17
171 297,14
172 185,2
172 189,2
172 199,6
172 201,4
172 204,2
172 212,4
172 216,2
172 235,7
172 236,5
172 241,5
172 246,8
172 248,5
172 251,10
172 273,5
172 278,4
172 279,8
172 280,2
172 285,11
172 288,4
173 174,3
173 179,3
173 191,4
173 195,5
173 196,4
173 211,4
173 222,4
173 224,6
173 229,8
173 246,8
173 247,5
173 250,6
173 280,2
173 285,7
173 288,5
173 293,5
174 179,5
174 181,4
174 184,5
174 187,11
174 195,3
174 197,6
174 200,9
174 209,6
174 222,7
174 224,5
174 226,2
174 230,3
174 233,7
174 242,3
174 247,1
174 251,6
174 254,7
174 258,7
174 261,8
174 264,4
174 272,7
174 276,4
174 287,9
175 178,5
175 180,3
175 184,4
175 186,7
175 187,10
175 190,3
175 192,5
175 194,12
175 195,17
175 200,12
175 206,3
175 207,14
175 209,8
175 211,25
175 213,6
175 223,12
175 224,2
175 225,10
175 229,12
175 231,4
175 232,9
175 234,6
175 237,3
175 241,8
175 243,4
175 248,18
175 249,16
175 252,6
175 254,18
175 255,1
175 256,13
175 257,7
175 259,16
175 262,6
175 265,8
175 268,17
175 277,15
175 280,7
175 282,5
175 284,3
175 285,10
175 290,4
175 291,16
175 292,10
175 295,5
175 297,7
175 298,4
175 299,6
176 181,4
176 184,2
176 201,3
176 214,1
176 229,6
176 230,3
176 232,4
176 235,5
176 242,4
176 246,7
176 249,6
176 256,4
176 268,7
176 272,9
176 278,10
176 279,6
176 282,4
176 298,6
177 182,13
177 186,4
177 187,6
177 192,6
177 196,8
177 197,6
177 199,10
177 202,2
177 207,11
177 209,2
177 212,8
177 214,7
177 217,6
177 221,5
177 225,9
177 234,7
177 237,2
177 241,7
177 244,3
177 246,4
177 249,4
177 250,3
177 257,10
177 261,6
177 268,9
177 270,8
177 272,7
177 273,4
177 275,8
177 280,2
177 281,2
177 284,7
177 285,8
177 287,13
177 288,11
177 293,5
177 295,2
177 296,5
177 297,7
178 180,15
178 182,12
178 185,3
178 191,10
178 193,5
178 199,6
178 204,7
178 205,12
178 207,13
178 209,4
178 215,3
178 219,1
178 220,17
178 223,6
178 224,9
178 229,6
178 232,4
178 233,6
178 238,10
178 243,13
178 245,11
178 246,8
178 250,8
178 259,8
178 261,10
178 262,12
178 264,6
178 265,13
178 266,8
178 267,3
178 270,9
178 273,5
178 274,5
178 275,5
178 286,5
178 287,5
178 288,9
178 290,4
178 295,2
179 185,5
179 194,3
179 196,9
179 198,6
179 200,4
179 208,2
179 211,3
179 214,3
179 223,5
179 230,1
179 236,2
179 245,6
179 253,7
179 255,7
179 263,4
179 269,5
179 271,6
179 293,5
180 183,6
180 188,4
180 191,10
180 193,8
180 194,8
180 195,8
180 199,11
180 203,4
180 204,6
180 205,8
180 213,12
180 214,4
180 215,8
180 218,3
180 220,6
180 221,12
180 223,7
180 224,6
180 235,13
180 237,7
180 241,8
180 242,4
180 243,5
180 246,7
180 247,13
180 260,5
180 265,8
180 270,6
180 271,9
180 273,7
180 275,5
180 282,6
180 286,6
180 288,5
180 290,7
180 295,3
180 296,5
180 299,4
181 183,2
181 184,6
181 185,5
181 187,5
181 189,13
181 190,2
181 192,7
181 194,6
181 195,3
181 202,1
181 211,14
181 212,8
181 216,16
181 222,6
181 223,6
181 224,11
181 229,11
181 230,7
181 233,6
181 243,6
181 244,11
181 248,4
181 249,1
181 254,7
181 257,8
181 260,6
181 261,4
181 267,12
181 270,11
181 272,14
181 275,4
181 278,16
181 284,4
181 285,3
181 287,12
181 289,1
181 290,4
181 292,12
181 294,5
181 299,12
182 183,9
182 184,5
182 185,5
182 188,4
182 198,3
182 201,7
182 203,1
182 204,4
182 209,5
182 217,8
182 221,2
182 232,4
182 234,2
182 263,4
182 266,9
182 271,4
182 273,7
182 274,7
182 275,6
182 279,6
182 281,3
182 289,8
182 292,6
182 293,5
182 297,7
183 185,3
183 190,9
183 194,8
183 201,6
183 202,3
183 203,3
183 206,7
183 209,5
183 215,4
183 219,8
183 228,18
183 229,10
183 230,4
183 232,4
183 234,12
183 236,5
183 239,6
183 241,13
183 244,6
183 246,6
183 248,4
183 254,5
183 258,7
183 264,6
183 266,15
183 272,6
183 273,5
183 277,3
183 282,6
183 284,2
183 289,10
183 294,5
183 297,16
184 186,7
184 191,15
184 193,17
184 197,12
184 200,5
184 201,22
184 204,6
184 208,7
184 212,14
184 213,15
184 222,13
184 223,12
184 224,13
184 230,5
184 233,5
184 237,15
184 238,6
184 240,13
184 243,5
184 246,6
184 250,9
184 252,16
184 253,3
184 256,8
184 258,17
184 259,10
184 263,11
184 265,12
184 266,10
184 274,6
184 275,2
184 278,19
184 280,18
184 283,2
184 285,3
184 292,6
184 293,5
184 294,8
185 188,5
185 193,6
185 194,6
185 196,11
185 198,9
185 199,4
185 202,2
185 204,5
185 205,16
185 211,7
185 216,5
185 218,5
185 220,13
185 223,13
185 224,6
185 227,15
185 228,19
185 234,3
185 235,8
185 239,3
185 240,1
185 242,4
185 250,3
185 251,12
185 253,17
185 255,4
185 258,3
185 261,4
185 264,4
185 267,7
185 269,13
185 274,13
185 276,9
185 278,5
185 279,5
185 281,14
185 284,3
185 285,3
185 292,9
185 295,4
185 297,14
186 204,1
186 211,3
186 223,3
186 224,8
186 230,1
186 237,5
186 245,3
186 248,5
186 249,2
186 253,3
186 258,5
186 263,6
186 268,5
186 270,7
186 275,7
186 278,8
186 282,2
186 289,7
186 291,3
186 293,5
187 196,9
187 197,9
187 207,6
187 208,10
187 215,7
187 217,10
187 218,3
187 226,9
187 227,7
187 230,2
187 233,7
187 234,10
187 235,6
187 236,7
187 238,3
187 240,2
187 241,8
187 254,8
187 256,8
187 259,6
187 261,6
187 262,8
187 264,10
187 267,9
187 268,7
187 269,14
187 272,8
187 275,4
187 276,6
187 277,4
187 285,10
187 287,9
187 288,7
187 291,4
187 294,6
187 296,4
187 297,6
188 194,5
188 206,2
188 207,4
188 210,12
188 211,6
188 212,4
188 213,3
188 217,4
188 218,5
188 219,2
188 221,4
188 225,3
188 228,3
188 232,7
188 236,4
188 240,3
188 242,4
188 246,7
188 247,5
188 253,9
188 259,6
188 262,4
188 265,6
188 266,4
188 267,1
188 268,6
188 269,9
188 274,7
188 276,9
188 280,6
188 283,3
188 284,7
188 286,9
188 290,2
188 295,1
188 296,2
188 297,8
189 201,5
189 202,4
189 203,4
189 204,1
189 206,5
189 211,4
189 215,4
189 222,4
189 223,2
189 228,2
189 230,3
189 235,2
189 236,7
189 245,3
189 248,2
189 250,3
189 259,3
189 260,2
189 263,3
189 270,3
189 283,2
189 290,2
189 295,5
190 198,7
190 199,5
190 211,7
190 212,4
190 220,7
190 228,9
190 230,1
190 234,6
190 238,8
190 245,2
190 246,4
190 253,3
190 265,4
190 266,4
190 267,5
190 275,10
190 276,5
190 280,2
190 282,5
190 286,3
190 290,4
190 293,4
190 295,4
190 298,4
191 204,8
191 220,5
191 222,5
191 238,11
191 240,5
191 244,3
191 246,5
191 247,4
191 249,1
191 250,4
191 256,3
191 263,1
191 268,4
191 271,5
191 273,7
191 280,7
191 289,4
191 292,3
191 293,11
191 294,3
191 296,3
191 298,6
192 193,6
192 199,3
192 202,2
192 211,3
192 221,10
192 233,5
192 235,7
192 240,6
192 254,5
192 256,5
192 265,8
192 277,5
192 286,5
192 288,5
192 292,6
192 293,6
192 295,2
193 195,5
193 198,6
193 199,5
193 205,7
193 206,9
193 208,5
193 214,3
193 219,4
193 220,7
193 221,7
193 222,5
193 232,2
193 241,6
193 242,2
193 245,3
193 253,5
193 257,10
193 260,5
193 264,5
193 273,4
193 274,5
193 280,2
193 281,4
193 282,3
193 287,4
193 290,8
193 292,6
193 296,7
193 299,5
194 196,12
194 198,5
194 199,11
194 205,11
194 208,6
194 215,12
194 217,14
194 218,5
194 219,3
194 222,11
194 230,7
194 235,7
194 237,12
194 239,4
194 240,2
194 242,5
194 245,11
194 246,10
194 251,10
194 256,9
194 257,5
194 259,16
194 260,6
194 262,4
194 265,19
194 266,7
194 269,9
194 270,13
194 279,5
194 285,5
194 286,6
194 289,14
194 290,10
194 291,9
194 292,13
194 297,8
194 299,14
195 199,4
195 211,7
195 213,9
195 214,5
195 225,8
195 234,5
195 236,3
195 249,3
195 262,5
195 273,9
195 276,8
195 282,6
195 293,5
195 297,7
195 298,11
196 197,10
196 198,11
196 199,9
196 200,8
196 201,9
196 206,3
196 209,6
196 215,14
196 216,13
196 217,7
196 219,6
196 220,6
196 221,2
196 233,7
196 236,17
196 240,7
196 241,10
196 242,5
196 245,10
196 246,9
196 250,8
196 254,7
196 255,7
196 258,11
196 259,5
196 263,6
196 264,5
196 267,17
196 270,11
196 274,12
196 277,2
196 281,8
196 285,10
196 287,5
196 289,17
196 297,14
196 299,8
197 199,6
197 202,2
197 210,1
197 212,10
197 217,3
197 225,2
197 226,5
197 232,8
197 236,5
197 240,5
197 241,8
197 242,3
197 247,4
197 248,3
197 250,6
197 253,7
197 256,6
197 261,6
197 264,6
197 277,1
197 287,8
197 294,5
197 299,5
198 212,5
198 215,7
198 216,6
198 220,6
198 248,4
198 260,5
198 262,5
198 271,7
198 278,5
198 280,1
198 288,5
199 203,3
199 209,7
199 210,10
199 212,11
199 213,6
199 214,9
199 217,6
199 218,4
199 222,5
199 223,13
199 225,6
199 241,6
199 243,12
199 247,4
199 248,2
199 249,1
199 250,7
199 251,6
199 256,5
199 260,4
199 267,4
199 269,8
199 271,7
199 272,4
199 275,15
199 279,4
199 282,5
199 283,6
199 285,13
199 286,6
199 290,14
199 296,9
199 299,7
200 210,7
200 211,5
200 214,5
200 216,4
200 222,6
200 228,8
200 231,7
200 235,5
200 260,5
200 261,10
200 268,7
200 271,3
200 272,6
200 273,9
200 278,8
200 282,9
201 207,14
201 208,16
201 210,11
201 213,12
201 218,4
201 225,5
201 226,3
201 228,11
201 233,18
201 235,4
201 236,8
201 237,4
201 238,8
201 239,8
201 241,9
201 245,8
201 252,13
201 256,5
201 257,5
201 258,6
201 260,3
201 261,6
201 263,12
201 265,5
201 266,10
201 267,4
201 269,6
201 270,16
201 274,2
201 284,7
201 289,14
201 292,9
201 295,10
201 296,7
201 299,1
202 203,4
202 205,4
202 207,13
202 214,1
202 215,10
202 219,16
202 220,7
202 224,15
202 225,3
202 231,1
202 232,4
202 236,13
202 242,5
202 244,1
202 247,2
202 251,14
202 255,10
202 258,3
202 263,12
202 266,2
202 273,1
202 276,1
202 277,13
202 279,3
202 283,5
202 286,3
202 291,4
202 292,13
202 294,1
202 298,16
202 299,1
203 204,4
203 208,17
203 210,3
203 214,1
203 216,1
203 218,13
203 219,16
203 223,13
203 226,8
203 232,17
203 233,2
203 236,13
203 243,1
203 244,4
203 247,17
203 249,3
203 252,2
203 257,3
203 258,2
203 259,14
203 265,2
203 269,5
203 274,5
203 275,2
203 278,5
203 283,1
203 285,3
203 291,15
203 295,13
204 206,2
204 221,3
204 223,6
204 226,5
204 227,4
204 232,4
204 234,1
204 235,4
204 239,6
204 242,5
204 243,4
204 244,2
204 247,3
204 249,3
204 252,2
204 255,2
204 258,5
204 274,2
204 280,2
204 284,4
204 293,3
205 209,6
205 210,6
205 211,4
205 215,4
205 217,5
205 220,12
205 221,2
205 223,6
205 225,5
205 226,9
205 227,7
205 233,5
205 235,8
205 236,7
205 237,13
205 238,9
205 241,8
205 242,2
205 246,3
205 255,8
205 259,5
205 261,9
205 262,5
205 263,6
205 266,10
205 269,7
205 277,3
205 278,7
205 287,6
205 288,15
205 289,2
205 290,8
205 291,3
205 293,6
205 295,3
205 296,5
205 297,4
206 212,2
206 222,7
206 228,8
206 229,13
206 237,2
206 248,3
206 250,5
206 252,5
206 254,3
206 257,6
206 266,5
206 286,5
207 210,13
207 212,9
207 225,6
207 234,16
207 239,9
207 240,7
207 246,4
207 248,13
207 249,5
207 250,6
207 252,8
207 256,11
207 261,8
207 262,3
207 264,3
207 266,7
207 267,9
207 272,11
207 273,7
207 280,3
207 283,9
207 286,6
207 289,8
207 291,8
207 293,9
207 297,8
207 298,9
207 299,7
208 210,1
208 212,1
208 218,4
208 222,6
208 225,4
208 227,4
208 233,4
208 234,3
208 236,6
208 237,3
208 241,3
208 242,3
208 252,4
208 258,12
208 259,4
208 261,6
208 264,3
208 268,4
208 269,6
208 272,5
208 273,4
208 274,4
208 276,3
208 284,2
209 211,4
209 213,11
209 219,3
209 229,9
209 230,2
209 235,10
209 238,7
209 241,6
209 242,2
209 247,5
209 248,2
209 252,9
209 254,4
209 257,7
209 260,4
209 292,2
209 293,8
210 232,4
210 233,4
210 236,9
210 237,7
210 248,4
210 254,5
210 257,8
210 265,5
210 267,5
210 269,8
210 275,8
210 278,8
210 282,6
210 292,4
210 293,8
210 296,7
210 297,9
210 298,12
211 212,8
211 213,4
211 218,3
211 221,4
211 224,9
211 225,10
211 228,12
211 229,20
211 235,9
211 239,7
211 247,11
211 251,14
211 257,8
211 259,6
211 261,11
211 267,6
211 269,4
211 276,7
211 288,4
211 289,10
211 291,5
211 292,2
211 298,7
211 299,6
212 218,3
212 224,6
212 226,3
212 227,3
212 236,6
212 244,3
212 252,4
212 257,7
212 258,4
212 261,8
212 263,8
212 266,4
212 272,13
212 276,10
212 284,7
212 299,10
213 215,3
213 216,9
213 218,2
213 229,7
213 231,5
213 233,8
213 235,1
213 238,4
213 246,13
213 253,9
213 254,3
213 257,4
213 266,4
213 267,4
213 270,8
213 274,2
213 276,6
213 287,8
214 229,7
214 230,1
214 240,5
214 243,1
214 255,5
214 257,8
214 259,1
214 262,5
214 271,7
214 281,1
214 287,3
214 288,6
214 294,4
215 219,3
215 221,4
215 223,5
215 224,5
215 225,7
215 226,6
215 248,4
215 249,4
215 250,6
215 252,6
215 254,5
215 258,8
215 260,6
215 265,5
215 271,3
215 282,5
215 289,6
215 295,4
216 217,1
216 230,1
216 248,6
216 252,9
216 253,3
216 258,7
216 268,5
216 271,4
216 274,3
216 279,7
216 280,2
216 283,5
216 286,3
216 287,2
216 291,2
216 296,3
217 222,10
217 231,3
217 233,6
217 235,7
217 237,3
217 240,7
217 253,5
217 254,4
217 256,6
217 257,6
217 260,3
217 264,5
217 286,4
217 288,7
217 290,3
217 295,3
218 221,7
218 229,12
218 232,11
218 234,11
218 235,12
218 237,2
218 238,2
218 240,1
218 241,2
218 251,6
218 255,2
218 258,15
218 261,4
218 263,9
218 264,5
218 265,12
218 268,12
218 270,16
218 272,1
218 274,3
218 277,13
218 278,4
218 279,12
218 281,2
218 282,7
218 295,13
218 296,3
218 298,5
218 299,15
219 220,3
219 225,4
219 228,13
219 230,6
219 232,2
219 234,2
219 237,10
219 239,14
219 241,10
219 242,5
219 244,5
219 245,3
219 246,1
219 249,3
219 251,14
219 252,2
219 254,20
219 258,13
219 259,4
219 269,2
219 272,5
219 274,16
219 277,24
219 278,3
219 280,6
219 283,8
219 285,3
219 293,3
220 221,6
220 233,7
220 235,9
220 243,1
220 259,4
220 266,9
220 267,8
220 269,8
220 270,5
220 274,8
220 284,5
220 291,2
220 293,4
221 224,8
221 229,5
221 232,1
221 237,6
221 243,3
221 254,4
221 256,4
221 258,2
221 279,5
221 280,2
221 283,9
221 286,3
221 288,6
221 293,7
222 224,6
222 234,6
222 236,5
222 242,4
222 243,8
222 246,5
222 248,4
222 254,3
222 259,2
222 263,4
222 265,9
222 272,8
222 274,6
222 277,1
222 280,2
222 291,7
223 227,5
223 228,6
223 236,4
223 237,5
223 244,9
223 246,10
223 257,5
223 275,9
223 279,9
223 282,8
223 296,12
224 231,7
224 238,9
224 243,4
224 248,6
224 250,4
224 260,2
224 263,10
224 269,6
224 272,6
224 273,7
224 275,4
224 283,3
224 294,3
224 298,15
225 227,7
225 229,1
225 231,5
225 249,6
225 256,9
225 258,4
225 259,6
225 264,2
225 267,7
225 270,4
225 275,3
225 279,7
225 280,3
225 286,4
225 287,8
226 230,3
226 234,6
226 239,4
226 244,6
226 245,5
226 250,5
226 269,7
226 271,6
226 274,5
226 276,5
226 285,8
226 288,6
226 289,10
226 290,7
226 291,1
226 294,8
226 298,7
227 232,4
227 233,5
227 234,4
227 245,5
227 246,3
227 247,6
227 249,7
227 252,5
227 255,7
227 259,9
227 264,5
227 266,3
227 267,5
227 272,6
227 276,7
227 279,7
227 281,5
227 283,7
227 285,5
227 288,6
227 290,5
227 292,6
227 293,4
227 294,7
227 295,3
227 298,4
227 299,9
228 236,7
228 244,6
228 248,5
228 250,8
228 254,5
228 257,8
228 261,14
228 262,2
228 264,3
228 267,8
228 275,6
228 276,5
228 282,5
228 283,5
228 285,8
228 288,2
228 289,6
228 290,4
228 293,7
228 296,5
228 297,5
228 298,10
229 231,6
229 234,8
229 236,2
229 239,6
229 247,2
229 251,6
229 254,6
229 257,9
229 258,1
229 259,3
229 263,4
229 270,10
229 271,4
229 273,3
229 274,4
229 276,11
229 278,16
229 280,3
229 281,2
229 284,3
229 286,7
229 288,17
229 294,12
229 296,2
230 233,3
230 237,3
230 262,3
230 263,2
230 274,2
230 277,5
230 278,3
230 281,2
230 282,3
230 285,3
230 297,3
230 298,3
231 242,4
231 243,1
231 247,1
231 248,5
231 249,3
231 252,2
231 266,7
231 275,7
231 278,5
231 295,1
231 296,6
231 297,7
232 235,6
232 236,4
232 243,7
232 244,7
232 247,5
232 249,11
232 251,6
232 259,4
232 260,6
232 264,9
232 268,12
232 269,8
232 271,11
232 276,15
232 278,9
232 287,7
232 290,9
232 291,11
232 296,10
233 236,5
233 237,7
233 245,7
233 258,6
233 264,3
233 277,1
233 280,1
233 283,1
233 286,1
233 298,8
234 239,7
234 243,5
234 248,4
234 255,4
234 264,6
234 267,8
234 268,10
234 275,8
234 283,7
234 287,2
234 291,4
235 241,6
235 242,5
235 246,3
235 247,3
235 256,6
235 258,4
235 260,6
235 263,3
235 264,4
235 270,5
235 273,5
235 274,2
235 286,5
235 296,9
236 240,3
236 241,6
236 243,8
236 255,1
236 257,13
236 261,16
236 262,6
236 263,7
236 264,4
236 267,10
236 272,13
236 279,10
236 281,8
236 283,6
236 284,8
236 286,10
236 289,11
236 292,16
236 296,11
236 297,7
236 299,4
237 247,4
237 255,7
237 256,5
237 257,4
237 262,3
237 274,6
237 275,4
237 284,1
237 290,6
238 244,7
238 245,12
238 266,10
238 268,6
238 280,3
238 281,3
238 292,4
239 242,4
239 253,7
239 254,5
239 256,9
239 272,9
239 277,2
239 281,5
239 290,6
239 294,8
240 248,5
240 262,3
240 290,9
240 293,10
240 295,1
241 253,5
241 266,8
241 267,10
241 270,9
241 272,9
241 273,11
241 289,7
241 290,5
241 291,2
241 294,5
242 243,16
242 249,10
242 252,3
242 253,12
242 254,4
242 256,12
242 258,13
242 260,10
242 262,2
242 263,5
242 268,14
242 271,1
242 272,16
242 275,9
242 277,3
242 284,3
242 286,11
242 291,16
242 296,2
242 298,4
242 299,11
243 245,2
243 246,6
243 256,5
243 263,5
243 270,3
243 278,5
243 284,5
243 290,5
243 291,3
243 296,3
244 246,2
244 256,3
244 265,4
244 266,5
244 273,5
244 274,4
244 275,6
244 278,4
244 280,5
244 282,7
244 296,5
245 248,8
245 249,4
245 252,9
245 254,3
245 256,6
245 265,11
245 269,10
245 272,3
245 277,2
245 283,8
245 291,4
245 292,4
246 252,6
246 264,10
246 272,7
246 278,6
246 282,3
246 287,5
246 296,1
247 249,6
247 257,7
247 259,5
247 261,4
247 266,4
247 275,8
247 284,3
247 285,8
247 291,3
248 250,3
248 252,17
248 253,11
248 256,6
248 258,13
248 263,4
248 266,2
248 278,8
248 287,4
248 290,7
248 291,16
248 295,4
248 296,8
248 297,7
248 298,9
249 251,3
249 252,8
249 257,4
249 259,6
249 260,3
249 265,7
249 269,7
249 274,2
249 277,2
249 279,5
249 281,3
249 288,6
249 290,6
249 297,7
250 258,7
250 271,6
250 280,3
250 286,5
250 288,4
251 254,6
251 259,7
251 276,10
251 277,5
251 280,6
251 282,6
251 283,8
251 284,7
251 288,9
251 290,9
251 292,7
251 294,10
252 256,4
252 259,8
252 265,9
252 268,9
252 271,10
252 273,3
252 275,5
252 276,9
252 279,8
252 282,3
252 283,7
252 284,5
252 286,8
252 288,3
252 293,7
253 261,7
253 264,5
253 279,6
253 281,3
253 290,6
253 299,6
254 258,16
254 259,16
254 262,6
254 264,7
254 265,3
254 270,9
254 271,3
254 275,6
254 276,11
254 278,11
254 280,5
254 282,5
254 287,13
254 289,4
254 293,8
254 295,16
254 298,9
254 299,7
255 256,6
255 275,7
255 279,9
255 281,2
256 258,5
256 259,10
256 268,7
256 273,7
256 275,4
256 278,5
256 283,11
256 285,3
256 288,7
256 291,5
256 294,3
257 261,4
257 266,7
257 288,7
257 291,3
257 293,6
257 296,9
258 259,6
258 262,6
258 265,7
258 268,13
258 269,5
258 270,4
258 272,10
258 273,2
258 277,3
258 280,5
258 284,5
258 286,3
258 289,7
258 290,6
258 298,5
259 268,5
259 270,4
259 274,5
259 278,5
259 286,12
259 289,1
259 295,3
259 298,4
259 299,8
260 270,8
260 277,3
260 278,9
260 282,4
260 287,6
260 298,6
261 263,4
261 266,7
261 294,8
261 297,13
261 299,12
262 265,8
262 268,5
262 275,9
262 276,4
262 284,7
262 287,9
262 288,8
263 272,8
263 279,6
263 282,5
263 286,7
263 291,4
263 295,1
263 298,9
264 266,3
264 268,2
264 270,5
264 272,5
264 282,8
264 287,7
264 292,3
265 268,5
265 269,8
265 270,10
265 271,11
265 274,2
265 277,1
265 282,2
265 283,8
265 285,7
265 288,7
265 291,4
266 268,2
266 269,8
266 281,1
266 284,4
267 281,5
267 291,2
268 269,5
268 271,5
268 277,3
268 278,5
268 279,6
268 292,2
268 293,6
268 297,8
268 298,1
269 270,8
269 276,11
269 281,5
269 282,4
269 289,10
269 291,4
270 271,4
270 283,3
270 284,8
270 290,1
270 295,4
270 298,4
271 280,1
271 287,3
271 289,7
272 273,5
272 274,7
272 283,7
272 284,7
272 285,8
272 287,8
272 297,6
272 298,13
272 299,5
273 294,9
273 299,4
274 277,3
274 280,3
274 284,10
275 281,4
275 285,10
275 289,6
275 290,8
276 278,11
276 279,6
276 286,12
276 287,9
276 288,9
276 291,1
277 278,15
277 282,1
277 284,17
277 289,1
277 292,15
277 295,13
277 298,5
278 291,3
278 298,6
279 292,8
279 293,8
279 296,5
279 297,15
279 299,9
280 282,6
280 283,1
280 284,12
280 285,7
280 287,2
280 289,1
280 290,1
280 292,5
280 294,6
280 295,4
281 285,7
281 286,6
281 288,5
281 289,4
281 292,7
282 298,7
283 292,3
283 298,13
283 299,6
284 295,3
285 292,6
285 295,4
286 289,5
286 294,3
286 295,1
287 288,6
288 293,8
288 296,4
289 290,6
290 292,4
290 296,6
291 293,4
291 297,6
291 299,5
292 293,2
292 297,6
293 299,3
294 299,7
