0 1,11
0 2,7
0 3,6
0 4,5
0 5,5
0 6,5
0 7,6
0 8,1
0 9,6
0 10,9
0 11,6
0 12,4
0 13,5
0 14,7
0 15,11
0 16,4
0 17,8
0 18,2
0 19,8
0 20,5
0 21,8
0 22,8
0 23,5
0 24,8
0 25,6
0 26,5
0 27,7
0 28,4
0 29,6
0 30,4
0 31,6
0 32,9
0 33,7
0 34,4
0 35,8
0 36,13
0 37,6
0 38,6
0 39,4
0 40,8
0 41,10
0 42,33
0 43,6
0 44,4
0 45,4
0 46,4
0 47,9
0 48,4
0 49,6
0 50,6
0 51,5
0 52,4
0 53,7
0 54,10
0 55,5
0 56,10
0 57,2
0 58,4
0 59,7
0 60,4
0 61,3
0 62,4
0 63,9
0 64,9
0 65,4
0 66,4
0 67,2
0 68,4
0 69,4
0 70,3
0 71,3
0 72,3
0 73,3
0 74,3
0 75,5
0 76,4
0 77,2
0 78,5
0 79,6
0 80,5
1 2,17
1 81,8
1 82,12
1 3,17
1 83,9
1 5,12
1 6,9
1 7,3
1 84,9
1 85,16
1 86,12
1 9,5
1 87,11
1 10,17
1 12,10
1 13,8
1 88,12
1 89,15
1 90,7
1 91,7
1 15,12
1 92,13
1 93,6
1 17,13
1 94,6
1 95,12
1 18,11
1 96,20
1 97,8
1 98,16
1 99,11
1 100,10
1 101,11
1 102,17
1 103,12
1 20,9
1 21,9
1 22,10
1 24,16
1 25,8
1 104,42
1 105,10
1 106,9
1 107,18
1 108,9
1 109,11
1 27,11
1 110,8
1 111,12
1 112,10
1 113,6
1 114,11
1 36,16
1 38,10
1 39,13
1 115,10
1 40,17
1 116,12
1 43,10
1 46,6
1 117,12
1 48,11
1 118,14
1 119,9
1 51,5
1 120,9
1 121,6
1 122,6
1 52,10
1 53,13
1 123,12
1 124,14
1 125,15
1 126,11
1 127,10
1 57,12
1 128,12
1 129,15
1 130,14
1 131,22
1 132,15
1 133,10
1 134,15
1 60,12
1 135,9
1 136,12
1 137,14
1 62,7
1 138,10
1 139,12
1 140,7
1 64,11
1 141,23
1 66,11
1 67,13
1 142,9
1 143,7
1 144,13
1 69,13
1 145,11
1 146,10
1 147,11
1 148,5
1 149,13
1 150,28
1 151,15
1 152,7
1 153,10
1 76,11
1 154,14
1 155,17
1 156,8
1 157,7
2 82,6
2 158,4
2 159,3
2 83,4
2 6,5
2 160,3
2 86,5
2 161,6
2 11,7
2 12,4
2 88,7
2 91,4
2 15,11
2 18,6
2 162,7
2 163,3
2 99,6
2 100,7
2 23,4
2 164,2
2 165,4
2 166,3
2 28,4
2 32,4
2 33,7
2 37,9
2 42,9
2 43,5
2 44,4
2 117,8
2 48,1
2 167,5
2 168,4
2 49,2
2 118,2
2 50,8
2 51,8
2 52,7
2 169,3
2 170,5
2 53,9
2 54,4
2 126,5
2 171,2
2 172,4
2 57,4
2 173,5
2 58,4
2 132,9
2 133,13
2 174,3
2 137,7
2 175,3
2 176,4
2 177,2
2 178,3
2 65,4
2 179,4
2 67,5
2 180,2
2 144,4
2 70,8
2 71,7
2 181,8
2 182,4
2 183,3
2 149,4
2 184,10
2 75,5
2 185,8
2 153,4
2 154,6
2 155,2
2 186,3
2 79,6
2 80,6
81 82,6
81 187,6
81 188,7
81 4,9
81 189,7
81 190,9
81 86,11
81 9,7
81 191,6
81 87,13
81 11,10
81 16,9
81 93,9
81 192,7
81 96,8
81 193,6
81 194,13
81 100,6
81 101,10
81 195,10
81 196,6
81 21,6
81 197,4
81 164,10
81 26,7
81 105,9
81 166,4
81 108,8
81 109,6
81 198,5
81 199,5
81 200,41
81 201,10
81 110,12
81 202,9
81 33,5
81 114,8
81 34,9
81 203,10
81 41,11
81 204,10
81 205,6
81 44,3
81 206,8
81 45,4
81 46,5
81 207,11
81 208,13
81 167,10
81 209,8
81 210,5
81 50,8
81 121,18
81 52,7
81 211,11
81 212,7
81 213,7
81 54,9
81 125,10
81 214,12
81 57,3
81 128,9
81 129,10
81 215,6
81 58,6
81 216,8
81 217,6
81 132,8
81 218,15
81 219,16
81 135,6
81 137,9
81 176,12
81 220,8
81 178,5
81 221,10
81 66,9
81 179,12
81 222,12
81 223,7
81 224,6
81 225,3
81 226,8
81 69,17
81 227,4
81 71,6
81 228,7
81 145,9
81 74,8
81 147,5
81 229,6
81 184,5
81 150,3
81 230,10
81 231,10
81 232,4
81 77,3
81 233,16
81 234,16
81 80,23
235 236,9
235 100,3
235 101,6
235 102,4
235 196,1
235 21,4
235 105,1
235 200,6
235 110,4
235 112,3
235 34,6
235 237,4
235 41,2
235 44,1
235 238,1
235 239,2
235 119,2
235 122,2
235 240,4
235 128,2
235 241,1
235 242,2
235 134,1
235 243,1
235 139,2
235 223,3
235 244,2
235 148,1
235 155,4
235 233,1
235 79,3
82 187,1
82 4,3
82 245,4
82 236,9
82 246,5
82 84,9
82 160,4
82 87,5
82 161,2
82 12,2
82 92,5
82 192,1
82 94,4
82 100,9
82 196,1
82 21,5
82 22,6
82 197,1
82 25,8
82 105,4
82 247,4
82 248,1
82 110,4
82 114,2
82 35,3
82 36,2
82 237,8
82 40,9
82 116,4
82 41,5
82 44,2
82 249,5
82 206,8
82 48,3
82 239,8
82 168,5
82 250,7
82 251,2
82 52,1
82 169,6
82 53,3
82 126,3
82 172,5
82 56,9
82 57,2
82 128,3
82 130,2
82 173,2
82 59,3
82 133,9
82 135,2
82 176,3
82 138,2
82 139,9
82 140,1
82 252,5
82 67,1
82 253,1
82 69,5
82 71,10
82 254,9
82 150,4
82 153,1
82 156,6
82 80,11
158 3,8
158 86,6
158 10,8
158 88,1
158 89,4
158 91,2
158 92,2
158 94,5
158 95,6
158 96,4
158 98,7
158 101,7
158 102,2
158 105,2
158 106,3
158 109,1
158 111,4
158 114,1
158 36,2
158 38,4
158 115,1
158 40,4
158 116,3
158 43,8
158 48,3
158 118,5
158 119,3
158 51,3
158 122,1
158 124,5
158 125,3
158 127,3
158 128,6
158 131,2
158 133,6
158 134,3
158 60,1
158 136,2
158 137,7
158 62,1
158 139,3
158 64,2
158 144,3
158 148,6
158 150,2
158 152,5
3 159,5
3 187,6
3 5,6
3 6,6
3 255,9
3 236,5
3 84,13
3 89,10
3 15,9
3 193,5
3 97,2
3 195,5
3 21,13
3 23,10
3 26,13
3 104,12
3 105,10
3 106,9
3 256,6
3 108,7
3 109,6
3 27,9
3 199,8
3 29,5
3 30,15
3 111,11
3 114,8
3 34,8
3 203,8
3 39,6
3 40,9
3 41,5
3 205,5
3 257,12
3 45,8
3 46,7
3 117,16
3 47,8
3 208,7
3 49,8
3 209,10
3 210,4
3 51,9
3 169,6
3 258,5
3 259,4
3 123,7
3 125,3
3 126,6
3 171,5
3 260,6
3 127,10
3 129,4
3 130,11
3 173,8
3 217,8
3 132,8
3 218,17
3 60,7
3 261,2
3 219,6
3 262,5
3 135,12
3 175,15
3 63,12
3 252,8
3 65,13
3 66,7
3 223,12
3 224,7
3 263,6
3 226,6
3 264,7
3 180,18
3 253,11
3 265,11
3 70,9
3 72,8
3 254,7
3 266,11
3 146,9
3 149,7
3 75,13
3 150,4
3 231,7
3 152,4
3 76,17
3 79,5
159 236,7
159 13,2
159 95,4
159 96,5
159 194,1
159 99,4
159 100,4
159 102,4
159 20,6
159 197,7
159 25,5
159 26,6
159 267,2
159 36,2
159 250,3
159 119,4
159 51,4
159 268,7
159 54,4
159 214,1
159 126,5
159 172,5
159 56,3
159 215,4
159 58,5
159 134,3
159 60,7
159 135,4
159 175,2
159 269,2
159 62,1
159 63,5
159 178,4
159 270,3
159 66,3
159 223,5
159 225,1
159 143,4
159 271,4
159 265,3
159 70,4
159 145,4
159 272,5
159 146,6
159 230,6
187 190,1
187 10,7
187 15,8
187 94,9
187 18,1
187 162,1
187 273,5
187 25,2
187 104,8
187 107,7
187 108,2
187 199,3
187 110,2
187 112,2
187 114,2
187 34,4
187 36,1
187 115,2
187 40,7
187 205,2
187 47,3
187 118,3
187 170,2
187 240,1
187 274,4
187 59,1
187 134,3
187 135,4
187 136,2
187 275,3
187 63,2
187 178,2
187 276,2
187 65,6
187 263,1
187 271,3
187 144,1
187 227,2
187 244,5
187 72,5
187 73,1
187 183,2
187 150,2
187 153,3
187 77,2
187 156,4
188 84,11
188 16,3
188 277,8
188 21,11
188 104,8
188 166,12
188 110,9
188 112,2
188 202,4
188 267,8
188 113,3
188 38,4
188 257,1
188 47,6
188 208,2
188 167,3
188 250,1
188 119,6
188 51,1
188 213,3
188 123,3
188 55,7
188 214,3
188 171,2
188 56,4
188 130,22
188 216,5
188 242,2
188 218,2
188 60,5
188 278,2
188 175,4
188 140,4
188 63,2
188 252,3
188 222,3
188 224,6
188 253,5
188 265,5
188 228,3
188 72,4
188 254,5
188 266,2
188 272,4
188 185,6
188 279,2
188 157,4
83 4,2
83 5,5
83 7,5
83 245,6
83 8,7
83 161,7
83 14,8
83 89,8
83 280,7
83 15,9
83 94,9
83 18,3
83 96,6
83 19,4
83 194,4
83 195,8
83 102,10
83 29,4
83 248,4
83 110,7
83 32,6
83 112,2
83 113,3
83 34,9
83 36,3
83 237,4
83 39,6
83 41,11
83 204,7
83 43,6
83 44,7
83 46,7
83 238,5
83 239,3
83 168,31
83 250,2
83 118,4
83 120,5
83 251,3
83 52,5
83 169,4
83 170,4
83 281,5
83 240,5
83 56,5
83 57,5
83 241,1
83 173,6
83 58,5
83 217,4
83 242,4
83 133,12
83 261,2
83 136,9
83 137,6
83 175,5
83 177,1
83 220,7
83 252,6
83 276,6
83 282,3
83 65,2
83 66,3
83 179,4
83 283,4
83 71,4
83 228,3
83 254,6
83 266,6
83 74,5
83 183,3
83 147,5
83 148,8
83 284,4
83 150,2
83 230,5
83 231,5
83 285,3
83 78,4
83 234,4
83 286,4
4 5,1
4 7,1
4 190,5
4 16,3
4 93,1
4 194,1
4 24,3
4 287,5
4 288,5
4 267,1
4 114,1
4 35,7
4 38,2
4 115,3
4 249,2
4 46,2
4 117,2
4 207,6
4 119,4
4 51,3
4 121,3
4 258,3
4 124,3
4 126,6
4 129,3
4 130,5
4 131,2
4 242,2
4 274,4
4 59,4
4 278,2
4 221,6
4 222,4
4 142,4
4 263,3
4 69,9
4 227,3
4 228,5
4 184,3
4 150,1
4 279,2
4 232,4
4 153,6
5 14,2
5 289,2
5 273,7
5 24,2
5 104,9
5 106,1
5 27,4
5 200,6
5 201,1
5 32,1
5 112,2
5 34,2
5 204,7
5 290,1
5 45,2
5 168,1
5 210,4
5 50,3
5 259,3
5 218,2
5 133,2
5 261,1
5 275,4
5 140,3
5 178,3
5 270,3
5 276,5
5 227,3
5 254,4
5 272,1
5 146,3
5 147,3
5 153,3
5 76,6
5 154,5
5 155,5
5 78,3
189 84,6
189 10,7
189 88,1
189 93,1
189 94,7
189 99,6
189 277,8
189 22,7
189 24,1
189 198,9
189 30,2
189 31,8
189 202,2
189 33,3
189 267,2
189 34,4
189 38,1
189 237,1
189 115,1
189 40,4
189 42,2
189 249,1
189 207,5
189 167,3
189 210,3
189 169,3
189 259,4
189 123,1
189 54,5
189 240,2
189 126,3
189 217,4
189 174,1
189 262,1
189 177,4
189 269,1
189 62,4
189 270,4
189 283,2
189 224,2
189 253,2
189 265,2
189 70,2
189 74,4
189 183,5
189 147,4
189 229,7
189 185,4
189 285,1
189 157,1
189 79,3
6 236,6
6 246,5
6 84,9
6 9,2
6 92,2
6 95,7
6 19,2
6 273,7
6 102,4
6 20,2
6 197,5
6 165,2
6 248,1
6 202,1
6 33,2
6 36,3
6 42,1
6 50,3
6 212,7
6 54,3
6 55,4
6 125,2
6 214,2
6 260,5
6 57,2
6 128,4
6 215,7
6 173,7
6 132,5
6 261,3
6 135,9
6 61,3
6 137,4
6 62,6
6 252,6
6 221,6
6 179,3
6 68,2
6 69,2
6 70,5
6 228,3
6 266,6
6 229,5
6 75,5
6 230,2
6 155,6
6 186,6
6 234,8
6 80,5
7 160,3
7 9,1
7 12,2
7 89,7
7 90,1
7 193,3
7 273,5
7 164,1
7 107,8
7 287,5
7 30,1
7 110,4
7 112,2
7 34,6
7 42,2
7 205,1
7 44,4
7 208,1
7 118,5
7 120,2
7 53,4
7 123,2
7 55,1
7 172,5
7 291,1
7 217,3
7 275,3
7 63,2
7 252,3
7 276,5
7 66,2
7 226,1
7 264,3
7 181,3
7 74,4
7 147,1
7 229,3
7 185,3
7 285,3
7 286,3
245 255,6
245 12,1
245 19,1
245 100,3
245 273,12
245 20,5
245 24,1
245 31,6
245 111,3
245 112,1
245 288,4
245 34,4
245 35,6
245 237,5
245 205,1
245 206,6
245 46,3
245 167,3
245 168,6
245 121,2
245 169,6
245 259,4
245 171,4
245 56,4
245 132,4
245 133,3
245 219,4
245 62,2
245 139,3
245 63,3
245 252,2
245 270,4
245 221,5
245 283,7
245 69,4
245 70,2
245 292,2
245 146,4
245 184,2
245 75,4
245 151,1
245 234,5
255 84,9
255 160,8
255 86,7
255 87,8
255 10,11
255 161,8
255 11,8
255 88,8
255 15,9
255 16,45
255 293,11
255 294,9
255 192,13
255 18,6
255 96,7
255 162,10
255 97,8
255 194,9
255 99,11
255 295,13
255 196,9
255 20,6
255 22,11
255 23,9
255 26,16
255 165,15
255 106,13
255 107,7
255 27,10
255 199,6
255 247,7
255 200,12
255 111,11
255 112,12
255 202,10
255 267,11
255 113,9
255 114,9
255 34,9
255 36,13
255 203,12
255 237,12
255 204,9
255 257,16
255 44,4
255 207,7
255 167,10
255 168,12
255 49,8
255 250,9
255 119,5
255 50,8
255 211,16
255 124,10
255 214,11
255 171,11
255 172,7
255 127,8
255 128,9
255 130,4
255 131,4
255 242,11
255 133,9
255 296,10
255 134,8
255 261,4
255 243,5
255 135,18
255 61,7
255 136,5
255 175,9
255 176,13
255 177,10
255 138,4
255 63,13
255 270,11
255 276,10
255 141,2
255 66,8
255 222,14
255 224,4
255 225,4
255 143,11
255 69,15
255 265,16
255 182,11
255 145,11
255 292,6
255 146,5
255 148,9
255 229,13
255 75,10
255 150,6
255 185,13
255 152,8
255 76,9
255 285,8
255 154,9
255 155,8
255 186,9
255 156,13
255 78,4
255 79,9
255 234,8
255 286,4
236 8,9
236 190,8
236 85,5
236 10,14
236 11,9
236 89,9
236 92,4
236 293,8
236 294,11
236 162,8
236 194,4
236 101,10
236 273,11
236 102,8
236 103,8
236 20,8
236 24,4
236 25,7
236 165,8
236 105,7
236 198,9
236 200,12
236 287,7
236 30,5
236 248,10
236 201,4
236 111,9
236 112,5
236 33,4
236 113,7
236 34,7
236 36,6
236 38,5
236 237,7
236 39,7
236 115,7
236 249,7
236 45,7
236 117,8
236 207,9
236 48,12
236 167,7
236 239,7
236 250,6
236 50,13
236 268,5
236 251,4
236 122,8
236 211,6
236 212,3
236 213,8
236 53,6
236 124,10
236 54,12
236 55,6
236 125,7
236 240,6
236 214,10
236 172,9
236 131,7
236 216,18
236 217,6
236 133,2
236 174,3
236 243,10
236 136,7
236 278,7
236 176,6
236 139,8
236 63,5
236 178,8
236 64,12
236 276,11
236 282,7
236 283,13
236 222,9
236 142,8
236 263,6
236 225,3
236 180,4
236 71,3
236 244,10
236 228,3
236 145,9
236 272,8
236 147,9
236 149,4
236 150,5
236 152,13
236 153,10
236 155,10
236 186,6
236 233,16
236 78,4
236 234,5
236 80,7
236 286,9
246 190,3
246 87,11
246 11,6
246 13,6
246 192,8
246 94,8
246 194,4
246 163,7
246 101,4
246 295,3
246 277,7
246 195,7
246 102,6
246 196,5
246 22,3
246 23,3
246 24,4
246 25,8
246 166,6
246 247,3
246 200,12
246 287,3
246 30,7
246 248,8
246 201,7
246 202,3
246 35,5
246 37,3
246 38,9
246 41,8
246 46,5
246 48,8
246 167,5
246 168,8
246 49,5
246 119,28
246 210,5
246 50,9
246 268,5
246 122,6
246 258,5
246 54,7
246 214,3
246 126,1
246 260,7
246 216,6
246 132,5
246 296,5
246 219,9
246 262,5
246 275,9
246 297,4
246 177,3
246 139,4
246 220,2
246 252,9
246 64,13
246 276,9
246 222,5
246 142,6
246 226,4
246 68,8
246 69,10
246 71,5
246 181,5
246 228,2
246 145,7
246 73,3
246 266,8
246 146,5
246 148,17
246 284,9
246 75,6
246 185,7
246 232,4
246 152,4
246 155,12
246 186,6
246 80,16
8 280,1
8 294,1
8 99,6
8 277,5
8 195,1
8 102,7
8 20,9
8 21,6
8 22,6
8 105,1
8 166,9
8 107,5
8 112,2
8 33,2
8 203,4
8 42,3
8 46,2
8 207,7
8 168,5
8 52,3
8 281,5
8 125,1
8 171,3
8 172,7
8 57,5
8 129,5
8 216,5
8 242,4
8 133,2
8 136,3
8 275,5
8 140,2
8 252,4
8 221,4
8 263,3
8 180,4
8 144,2
8 69,3
8 182,3
8 147,4
8 229,6
8 75,1
8 150,2
8 279,1
8 152,6
8 156,3
8 233,5
298 190,2
298 84,6
298 88,1
298 195,1
298 20,6
298 197,7
298 198,6
298 200,8
298 31,7
298 201,2
298 34,8
298 290,4
298 43,2
298 44,2
298 207,6
298 210,5
298 169,6
298 170,2
298 258,3
298 127,5
298 59,3
298 174,4
298 135,5
298 61,2
298 137,2
298 175,8
298 221,7
298 66,3
298 223,4
298 142,3
298 263,5
298 180,4
298 265,2
298 254,3
298 272,2
298 74,6
298 146,3
298 147,2
298 155,3
298 156,2
298 78,1
298 79,3
190 160,5
190 9,3
190 10,6
190 89,4
190 289,4
190 17,3
190 192,8
190 95,3
190 18,3
190 162,5
190 19,2
190 194,5
190 100,4
190 277,5
190 195,6
190 102,4
190 196,3
190 24,3
190 25,8
190 104,5
190 165,4
190 105,6
190 166,9
190 109,10
190 198,9
190 199,4
190 111,5
190 33,3
190 237,6
190 115,6
190 116,2
190 204,8
190 257,1
190 43,6
190 207,8
190 238,10
190 48,7
190 120,4
190 121,6
190 169,7
190 260,6
190 291,1
190 216,6
190 132,5
190 174,3
190 61,1
190 137,7
190 278,7
190 177,4
190 62,3
190 138,3
190 252,6
190 178,12
190 142,5
190 225,13
190 226,2
190 144,10
190 69,3
190 70,6
190 71,3
190 244,3
190 181,2
190 228,6
190 182,10
190 183,8
190 229,11
190 284,5
190 75,4
190 185,4
190 76,14
190 154,4
190 77,2
190 286,9
84 9,10
84 191,9
84 161,8
84 13,10
84 88,9
84 92,14
84 17,8
84 18,6
84 19,9
84 163,9
84 99,10
84 102,8
84 21,7
84 22,14
84 23,12
84 164,9
84 25,7
84 165,14
84 106,9
84 256,7
84 107,5
84 28,2
84 200,9
84 30,12
84 110,11
84 111,10
84 288,9
84 202,7
84 203,13
84 116,2
84 205,9
84 206,7
84 117,12
84 47,6
84 207,6
84 48,10
84 167,8
84 118,12
84 209,24
84 52,10
84 169,6
84 211,8
84 213,5
84 54,12
84 125,12
84 214,15
84 171,7
84 172,10
84 260,4
84 56,6
84 129,9
84 241,5
84 173,8
84 58,13
84 217,6
84 59,8
84 132,6
84 133,12
84 296,9
84 134,11
84 219,8
84 61,10
84 175,9
84 297,6
84 176,12
84 139,6
84 140,8
84 63,15
84 221,11
84 65,2
84 283,7
84 67,3
84 222,6
84 263,11
84 180,11
84 143,7
84 253,8
84 145,17
84 73,7
84 254,7
84 146,10
84 148,10
84 149,9
84 284,7
84 185,5
84 230,9
84 231,10
84 153,9
84 154,10
84 186,7
85 86,7
85 10,11
85 15,45
85 95,10
85 18,2
85 96,9
85 19,1
85 100,2
85 20,6
85 21,7
85 25,7
85 106,3
85 31,11
85 111,5
85 33,3
85 35,8
85 36,3
85 40,9
85 41,2
85 290,8
85 43,4
85 46,2
85 239,4
85 250,4
85 119,8
85 281,4
85 53,2
85 259,8
85 124,6
85 126,5
85 260,5
85 58,5
85 217,6
85 59,3
85 132,7
85 133,6
85 134,7
85 135,6
85 275,5
85 269,5
85 62,3
85 139,5
85 141,3
85 179,6
85 67,5
85 223,6
85 224,4
85 69,5
85 71,2
85 272,3
85 284,4
85 186,2
85 233,5
85 79,5
160 86,5
160 9,5
160 87,3
160 161,4
160 12,4
160 88,4
160 89,5
160 289,3
160 90,4
160 91,6
160 15,9
160 92,7
160 16,8
160 294,7
160 193,4
160 98,6
160 194,3
160 163,8
160 103,12
160 164,10
160 105,7
160 199,3
160 29,6
160 35,6
160 237,9
160 115,5
160 116,2
160 206,7
160 46,6
160 47,7
160 209,2
160 50,9
160 51,6
160 120,5
160 52,5
160 258,5
160 259,8
160 54,7
160 125,7
160 172,9
160 260,7
160 127,4
160 128,7
160 217,8
160 132,4
160 134,9
160 60,4
160 61,3
160 278,5
160 178,7
160 64,9
160 270,3
160 282,14
160 65,3
160 66,9
160 283,5
160 144,7
160 253,8
160 70,4
160 145,15
160 292,7
160 272,6
160 183,11
160 146,9
160 284,5
160 279,1
160 151,1
160 231,6
160 232,5
160 153,6
160 154,7
160 186,3
160 233,5
160 234,13
160 80,8
160 286,9
86 87,10
86 11,10
86 280,6
86 90,6
86 92,9
86 16,2
86 18,7
86 96,6
86 162,7
86 299,6
86 101,6
86 277,8
86 195,7
86 107,10
86 109,8
86 198,5
86 29,9
86 287,4
86 31,6
86 111,13
86 112,2
86 288,7
86 113,5
86 114,8
86 203,4
86 39,7
86 40,1
86 116,13
86 42,7
86 205,2
86 249,8
86 206,5
86 208,7
86 238,4
86 118,12
86 209,11
86 251,4
86 211,4
86 170,6
86 281,10
86 259,2
86 123,12
86 54,11
86 125,9
86 126,10
86 127,5
86 215,5
86 216,1
86 217,10
86 274,6
86 59,9
86 133,3
86 219,8
86 62,5
86 220,3
86 63,10
86 178,7
86 282,2
86 179,8
86 222,4
86 263,11
86 226,2
86 264,5
86 180,4
86 68,6
86 69,20
86 265,3
86 70,12
86 227,3
86 73,5
86 254,3
86 266,5
86 272,5
86 149,15
86 150,4
86 230,7
86 285,8
86 77,1
86 233,8
86 78,3
86 80,4
86 286,7
9 162,5
9 193,6
9 273,8
9 102,5
9 23,2
9 165,2
9 166,5
9 108,2
9 288,5
9 113,1
9 40,9
9 44,1
9 212,4
9 258,2
9 53,2
9 259,28
9 124,4
9 240,3
9 126,6
9 172,4
9 129,5
9 131,4
9 291,2
9 58,5
9 274,6
9 134,6
9 219,4
9 262,1
9 275,3
9 176,9
9 177,1
9 140,5
9 282,3
9 65,6
9 66,4
9 67,3
9 271,4
9 181,4
9 182,5
9 229,7
9 231,6
9 234,12
191 19,1
191 101,1
191 277,6
191 21,5
191 25,1
191 166,6
191 198,7
191 29,1
191 288,8
191 35,9
191 37,1
191 203,7
191 40,10
191 42,3
191 43,2
191 249,2
191 206,3
191 208,3
191 120,4
191 268,1
191 211,1
191 172,2
191 215,3
191 241,2
191 291,2
191 274,22
191 132,12
191 296,9
191 219,5
191 176,5
191 269,3
191 140,4
191 141,1
191 222,4
191 180,5
191 143,3
191 244,5
191 72,6
191 266,3
191 272,2
191 147,4
191 150,1
191 153,4
191 155,2
191 186,3
191 156,4
191 234,5
191 286,4
87 10,8
87 89,3
87 280,1
87 15,9
87 16,9
87 94,6
87 18,2
87 101,6
87 277,4
87 196,5
87 23,5
87 106,3
87 108,3
87 267,3
87 34,6
87 35,3
87 41,7
87 204,9
87 208,4
87 250,2
87 210,3
87 170,7
87 258,3
87 54,6
87 171,2
87 172,4
87 129,8
87 217,8
87 132,5
87 261,1
87 278,1
87 252,4
87 178,5
87 221,3
87 276,7
87 283,3
87 142,6
87 68,4
87 69,12
87 145,9
87 74,4
87 155,5
87 80,7
10 92,7
10 17,8
10 98,13
10 163,7
10 99,15
10 101,10
10 295,16
10 273,9
10 196,7
10 22,12
10 197,8
10 23,11
10 164,8
10 25,8
10 165,11
10 106,12
10 256,8
10 107,18
10 27,9
10 30,12
10 201,7
10 111,17
10 288,10
10 33,10
10 35,9
10 36,13
10 203,12
10 44,7
10 249,10
10 206,9
10 117,15
10 47,14
10 207,11
10 48,11
10 118,6
10 209,14
10 268,7
10 251,7
10 52,8
10 211,9
10 213,6
10 124,10
10 54,14
10 125,13
10 214,12
10 260,11
10 56,8
10 57,7
10 129,13
10 130,3
10 131,8
10 241,6
10 173,10
10 291,13
10 58,13
10 217,16
10 132,12
10 218,12
10 133,8
10 134,23
10 219,10
10 136,10
10 137,12
10 175,7
10 297,17
10 176,8
10 177,8
10 62,2
10 140,6
10 63,13
10 221,14
10 65,23
10 283,21
10 67,25
10 223,10
10 225,1
10 264,14
10 180,11
10 271,11
10 69,10
10 182,9
10 145,17
10 73,9
10 272,7
10 146,17
10 149,7
10 284,12
10 230,5
10 151,12
10 231,5
10 232,7
10 153,9
10 285,12
10 154,9
10 155,11
161 14,1
161 98,8
161 194,1
161 20,9
161 26,6
161 165,4
161 166,7
161 198,10
161 35,3
161 37,4
161 203,6
161 39,2
161 257,4
161 43,5
161 206,4
161 48,4
161 167,3
161 239,3
161 168,5
161 212,7
161 53,2
161 240,1
161 214,2
161 126,6
161 57,4
161 215,4
161 291,1
161 242,3
161 133,6
161 261,3
161 136,4
161 176,6
161 62,3
161 65,5
161 223,3
161 180,6
161 68,3
161 271,2
161 253,2
161 266,5
161 146,4
161 229,3
161 184,4
161 156,3
161 234,6
11 12,3
11 16,9
11 17,2
11 97,2
11 194,6
11 163,3
11 100,5
11 102,5
11 256,3
11 109,3
11 200,9
11 248,2
11 32,7
11 33,5
11 267,1
11 35,9
11 38,7
11 203,5
11 115,9
11 116,4
11 43,1
11 249,4
11 121,2
11 122,2
11 170,6
11 259,4
11 54,4
11 214,3
11 57,4
11 216,4
11 218,3
11 175,2
11 177,2
11 220,4
11 63,3
11 221,1
11 283,4
11 223,3
11 142,4
11 263,8
11 143,5
11 68,2
11 69,9
11 70,6
11 182,7
11 266,2
11 74,7
11 151,1
11 153,4
11 76,7
11 233,3
12 88,1
12 15,8
12 17,1
12 95,4
12 98,6
12 295,1
12 23,2
12 31,1
12 203,6
12 237,3
12 40,10
12 41,2
12 204,7
12 205,1
12 207,6
12 48,6
12 239,4
12 120,20
12 52,3
12 259,4
12 240,5
12 129,5
12 173,4
12 296,4
12 61,1
12 136,4
12 278,4
12 220,4
12 141,3
12 222,2
12 142,5
12 224,4
12 264,2
12 271,4
12 144,2
12 253,4
12 244,1
12 266,5
12 151,3
12 233,4
13 90,6
13 91,6
13 92,6
13 17,8
13 96,5
13 193,6
13 194,5
13 99,10
13 277,8
13 102,10
13 23,7
13 24,7
13 107,4
13 27,9
13 28,4
13 198,14
13 32,4
13 202,2
13 267,7
13 36,9
13 38,5
13 203,7
13 39,6
13 115,6
13 117,13
13 208,5
13 238,6
13 48,11
13 167,5
13 250,4
13 209,10
13 210,2
13 50,12
13 51,7
13 120,4
13 268,4
13 121,5
13 122,5
13 52,7
13 169,4
13 53,6
13 123,2
13 54,9
13 240,11
13 260,4
13 57,7
13 131,7
13 217,8
13 218,2
13 133,9
13 296,5
13 278,5
13 176,3
13 177,3
13 276,5
13 67,3
13 224,6
13 180,11
13 143,6
13 68,5
13 144,4
13 253,8
13 71,1
13 73,5
13 254,9
13 266,6
13 74,6
13 183,5
13 147,8
13 184,11
13 153,7
13 76,9
13 155,8
13 186,5
13 157,2
13 79,3
13 234,7
13 286,5
88 91,3
88 95,5
88 97,2
88 277,5
88 103,1
88 25,8
88 165,3
88 105,1
88 107,7
88 287,3
88 248,1
88 110,4
88 33,2
88 37,1
88 40,6
88 205,2
88 45,1
88 117,5
88 48,4
88 239,2
88 118,8
88 170,5
88 127,5
88 174,3
88 136,2
88 175,5
88 177,2
88 269,3
88 252,3
88 178,3
88 283,5
88 67,14
88 226,2
88 181,4
88 145,7
88 73,1
88 74,3
88 229,4
88 230,3
88 152,4
88 76,4
88 155,4
88 156,4
88 79,2
14 89,4
14 94,6
14 256,1
14 198,8
14 200,9
14 30,3
14 237,5
14 40,4
14 116,2
14 41,5
14 42,2
14 257,1
14 47,3
14 207,9
14 210,4
14 251,1
14 121,3
14 170,9
14 212,6
14 213,1
14 173,3
14 58,3
14 242,4
14 174,2
14 261,4
14 177,2
14 63,6
14 270,3
14 221,7
14 282,2
14 67,6
14 222,2
14 142,1
14 226,2
14 68,5
14 72,1
14 292,2
14 148,2
14 229,4
14 231,4
14 152,6
14 153,2
14 157,1
89 92,6
89 93,1
89 96,9
89 193,5
89 100,6
89 273,7
89 102,8
89 103,6
89 20,36
89 197,5
89 23,7
89 26,8
89 108,9
89 287,5
89 31,5
89 113,8
89 37,6
89 237,5
89 116,7
89 204,8
89 257,3
89 290,5
89 44,12
89 206,6
89 47,7
89 167,6
89 168,8
89 250,6
89 209,5
89 119,7
89 268,5
89 52,8
89 281,5
89 53,8
89 123,4
89 240,10
89 171,9
89 172,9
89 57,4
89 128,7
89 129,4
89 130,3
89 59,2
89 132,8
89 218,6
89 139,6
89 220,9
89 276,9
89 283,9
89 223,7
89 224,5
89 180,8
89 253,2
89 71,3
89 181,9
89 182,7
89 74,7
89 284,9
89 152,11
89 153,9
89 154,3
89 155,5
89 78,3
89 234,2
280 96,5
280 102,6
280 196,1
280 23,1
280 26,5
280 199,4
280 29,2
280 111,4
280 32,3
280 112,2
280 38,2
280 237,5
280 115,2
280 204,6
280 44,1
280 206,5
280 117,3
280 167,2
280 250,4
280 118,3
280 170,7
280 281,5
280 259,6
280 172,4
280 291,1
280 58,4
280 242,3
280 274,2
280 60,1
280 174,1
280 262,3
280 269,4
280 252,5
280 270,1
280 265,3
280 70,3
280 228,1
280 292,3
280 148,9
280 149,3
289 94,4
289 95,5
289 98,3
289 273,7
289 102,5
289 20,4
289 26,3
289 104,9
289 256,2
289 109,1
289 28,2
289 200,8
289 32,1
289 202,1
289 113,2
289 34,6
289 35,3
289 38,2
289 204,8
289 44,2
289 207,4
289 49,1
289 119,2
289 124,4
289 55,3
289 126,4
289 127,3
289 129,6
289 133,1
289 261,2
289 61,3
289 175,2
289 138,6
289 270,2
289 221,8
289 141,2
289 227,7
289 228,7
289 145,6
289 183,5
289 229,5
289 150,4
289 76,6
289 234,8
90 94,5
90 163,1
90 273,5
90 103,2
90 164,1
90 26,2
90 198,4
90 34,6
90 206,10
90 45,1
90 208,3
90 49,4
90 118,3
90 268,2
90 122,1
90 259,4
90 55,21
90 214,1
90 56,2
90 57,3
90 216,2
90 296,2
90 262,4
90 135,4
90 64,5
90 276,7
90 224,4
90 143,4
90 253,5
90 69,5
90 227,4
90 244,5
90 72,4
90 182,3
90 73,3
90 254,6
90 78,2
90 234,6
91 15,6
91 94,7
91 194,3
91 163,2
91 100,6
91 101,6
91 277,10
91 102,4
91 22,4
91 197,6
91 104,3
91 105,5
91 200,9
91 287,4
91 201,4
91 35,10
91 36,7
91 37,4
91 115,5
91 204,12
91 249,7
91 168,5
91 118,7
91 268,5
91 170,3
91 281,3
91 53,4
91 124,4
91 54,5
91 125,6
91 240,6
91 214,3
91 127,2
91 57,6
91 129,5
91 241,3
91 173,3
91 60,2
91 219,7
91 262,3
91 137,7
91 252,6
91 221,4
91 65,3
91 222,5
91 223,3
91 142,7
91 144,5
91 70,6
91 181,3
91 228,2
91 72,2
91 73,7
91 292,6
91 284,4
91 75,12
91 185,5
91 285,7
91 233,6
91 78,4
91 80,8
15 95,7
15 18,16
15 96,15
15 193,7
15 97,8
15 98,10
15 19,12
15 194,8
15 163,11
15 100,6
15 196,8
15 20,14
15 21,9
15 22,12
15 25,17
15 106,11
15 166,9
15 109,10
15 199,10
15 111,12
15 112,9
15 33,5
15 267,10
15 35,22
15 36,12
15 40,22
15 41,12
15 205,4
15 257,4
15 43,11
15 45,6
15 46,6
15 239,7
15 168,12
15 250,12
15 118,8
15 50,4
15 251,13
15 52,7
15 169,7
15 170,10
15 281,8
15 53,9
15 259,12
15 124,9
15 125,9
15 126,5
15 260,9
15 241,14
15 58,9
15 216,10
15 217,14
15 59,9
15 132,13
15 218,10
15 133,6
15 134,10
15 219,10
15 135,20
15 275,12
15 269,20
15 138,2
15 139,10
15 220,10
15 140,7
15 64,7
15 141,10
15 282,6
15 66,9
15 179,13
15 67,15
15 223,10
15 142,9
15 224,17
15 225,7
15 226,10
15 68,5
15 144,10
15 69,7
15 71,11
15 244,11
15 181,11
15 272,10
15 74,12
15 183,13
15 229,9
15 149,6
15 284,21
15 150,3
15 230,6
15 186,10
15 77,10
15 233,14
15 79,12
92 193,2
92 20,6
92 23,2
92 26,2
92 106,1
92 107,6
92 109,1
92 27,7
92 198,7
92 199,3
92 30,7
92 111,6
92 114,2
92 204,5
92 45,1
92 46,2
92 47,7
92 209,4
92 119,5
92 210,5
92 51,1
92 258,2
92 55,8
92 125,6
92 126,5
92 260,7
92 57,6
92 129,6
92 218,2
92 174,2
92 219,5
92 262,4
92 275,3
92 175,3
92 66,5
92 263,5
92 264,3
92 180,9
92 253,6
92 72,3
92 254,6
92 149,9
92 75,4
92 76,4
16 293,1
16 17,5
16 192,7
16 18,7
16 162,7
16 299,5
16 295,10
16 196,7
16 20,11
16 21,9
16 22,12
16 23,6
16 165,3
16 256,6
16 199,1
16 111,4
16 32,6
16 112,1
16 113,9
16 203,8
16 116,9
16 41,8
16 42,7
16 205,5
16 257,3
16 290,8
16 44,9
16 206,6
16 167,10
16 168,10
16 49,7
16 250,6
16 210,9
16 50,13
16 170,7
16 124,15
16 126,4
16 171,5
16 172,9
16 127,7
16 128,17
16 217,8
16 242,9
16 296,6
16 134,7
16 275,4
16 175,16
16 176,9
16 177,6
16 62,2
16 139,1
16 270,5
16 276,13
16 67,4
16 224,8
16 225,2
16 143,5
16 69,6
16 227,3
16 182,5
16 145,10
16 74,4
16 183,10
16 147,4
16 148,8
16 279,1
16 76,9
16 285,11
16 154,15
16 155,7
16 186,10
16 79,15
16 234,18
16 286,8
293 94,7
293 98,1
293 100,1
293 277,7
293 26,8
293 104,8
293 165,2
293 288,3
293 267,1
293 113,2
293 36,1
293 237,3
293 116,3
293 257,1
293 47,1
293 170,1
293 124,1
293 171,1
293 260,8
293 56,2
293 127,1
293 128,1
293 216,3
293 261,1
293 243,1
293 135,8
293 278,2
293 139,2
293 252,2
293 141,1
293 142,3
293 224,1
293 180,1
293 68,2
293 244,6
293 148,1
293 229,2
293 150,3
293 185,5
293 232,4
293 154,3
293 156,3
293 286,2
93 17,1
93 162,2
93 273,11
93 196,1
93 21,6
93 25,7
93 104,8
93 111,1
93 112,2
93 202,3
93 36,1
93 237,3
93 42,1
93 48,2
93 209,1
93 50,1
93 268,3
93 52,1
93 169,7
93 212,9
93 281,2
93 126,6
93 241,3
93 132,11
93 133,3
93 296,1
93 219,3
93 135,5
93 275,4
93 221,3
93 282,2
93 65,3
93 67,4
93 224,4
93 180,3
93 265,3
93 227,2
93 181,1
93 145,6
93 146,5
93 184,4
93 279,3
93 231,5
93 78,1
93 234,4
93 286,4
17 193,4
17 101,3
17 102,7
17 196,2
17 197,4
17 25,5
17 104,8
17 256,4
17 166,9
17 108,4
17 28,2
17 29,1
17 34,1
17 47,5
17 51,3
17 121,1
17 53,4
17 259,3
17 125,2
17 214,3
17 127,5
17 128,3
17 215,4
17 216,1
17 274,5
17 219,8
17 135,6
17 136,1
17 139,5
17 252,2
17 180,7
17 253,2
17 145,6
17 73,4
17 292,1
17 266,3
17 147,6
17 149,8
17 76,7
17 154,12
294 192,1
294 94,8
294 163,1
294 195,1
294 103,1
294 25,6
294 166,8
294 27,9
294 200,8
294 248,2
294 110,7
294 288,8
294 202,4
294 39,3
294 115,2
294 290,9
294 238,1
294 210,4
294 50,3
294 122,2
294 212,4
294 213,1
294 53,1
294 259,7
294 124,7
294 214,2
294 217,3
294 242,4
294 274,5
294 134,5
294 137,3
294 278,1
294 141,2
294 179,4
294 67,4
294 271,2
294 253,2
294 244,8
294 145,6
294 229,8
294 149,2
294 279,1
294 232,4
294 155,7
294 233,3
294 80,7
294 286,5
192 98,6
192 163,1
192 295,3
192 277,3
192 102,6
192 20,8
192 23,3
192 26,10
192 104,7
192 28,2
192 198,9
192 110,4
192 267,2
192 113,2
192 34,6
192 38,3
192 41,4
192 257,2
192 290,4
192 43,3
192 168,2
192 121,3
192 52,4
192 259,5
192 55,4
192 240,4
192 171,4
192 130,2
192 58,4
192 133,3
192 60,3
192 174,2
192 262,4
192 135,5
192 62,1
192 178,5
192 141,2
192 226,1
192 144,1
192 182,6
192 292,3
192 183,4
192 148,3
192 75,5
192 79,3
94 95,7
94 162,7
94 98,9
94 194,8
94 100,10
94 195,9
94 24,11
94 25,11
94 256,8
94 166,9
94 107,12
94 199,9
94 29,9
94 247,4
94 30,12
94 31,11
94 32,5
94 33,4
94 34,9
94 35,9
94 41,13
94 42,3
94 45,6
94 208,7
94 48,6
94 250,10
94 209,10
94 251,5
94 169,2
94 211,4
94 170,16
94 53,7
94 123,7
94 240,7
94 214,4
94 260,3
94 56,6
94 129,8
94 215,4
94 58,5
94 216,11
94 217,10
94 242,8
94 134,10
94 243,9
94 219,8
94 135,6
94 136,7
94 137,12
94 175,9
94 297,5
94 63,12
94 178,9
94 64,7
94 270,9
94 276,11
94 65,4
94 179,5
94 222,11
94 224,14
94 226,12
94 264,14
94 265,10
94 70,7
94 227,4
94 244,7
94 228,4
94 272,3
94 147,6
94 185,15
94 230,6
94 186,5
94 77,4
94 233,8
94 79,11
94 234,10
94 80,22
95 18,5
95 96,4
95 299,7
95 97,10
95 163,5
95 101,3
95 277,9
95 273,4
95 21,8
95 197,7
95 104,7
95 165,6
95 106,5
95 256,6
95 166,9
95 107,7
95 287,9
95 201,3
95 202,2
95 33,9
95 113,8
95 115,10
95 116,12
95 204,6
95 43,9
95 45,5
95 250,6
95 210,1
95 268,6
95 251,7
95 170,5
95 212,6
95 123,9
95 124,6
95 54,4
95 240,10
95 260,5
95 56,7
95 217,3
95 274,5
95 133,4
95 134,7
95 174,2
95 137,8
95 278,5
95 176,6
95 269,7
95 139,6
95 252,13
95 282,7
95 179,5
95 283,8
95 222,3
95 223,6
95 225,2
95 264,5
95 180,8
95 143,6
95 68,7
95 69,8
95 70,9
95 72,2
95 73,4
95 254,4
95 292,5
95 266,10
95 146,6
95 184,4
95 75,7
95 279,2
95 153,7
95 76,5
95 285,5
95 157,3
95 78,1
95 234,4
18 193,1
18 163,4
18 195,1
18 21,8
18 109,3
18 247,1
18 200,9
18 30,3
18 112,1
18 202,3
18 113,4
18 35,8
18 203,9
18 40,8
18 116,5
18 42,4
18 290,3
18 208,2
18 167,4
18 168,5
18 49,3
18 250,1
18 209,3
18 51,2
18 211,4
18 126,7
18 172,3
18 260,4
18 128,6
18 58,3
18 216,4
18 275,3
18 62,5
18 178,5
18 221,3
18 65,5
18 226,5
18 244,4
18 181,3
18 72,4
18 272,3
18 183,9
18 147,4
18 150,5
18 279,2
18 152,4
18 234,3
96 162,6
96 97,5
96 98,10
96 19,4
96 100,7
96 277,5
96 273,6
96 23,6
96 164,4
96 165,6
96 105,7
96 256,3
96 108,6
96 109,9
96 27,7
96 199,4
96 200,8
96 30,8
96 31,3
96 201,7
96 32,4
96 34,6
96 37,7
96 38,4
96 39,10
96 42,4
96 44,8
96 249,9
96 45,5
96 46,6
96 47,6
96 208,6
96 168,3
96 250,6
96 210,4
96 52,8
96 170,1
96 258,6
96 281,9
96 123,7
96 240,3
96 214,5
96 127,5
96 57,8
96 129,3
96 130,3
96 131,8
96 241,5
96 173,4
96 217,5
96 218,6
96 296,4
96 278,8
96 177,3
96 63,3
96 64,7
96 66,10
96 283,8
96 223,7
96 226,3
96 143,5
96 244,3
96 74,3
96 146,6
96 147,9
96 148,8
96 229,13
96 150,2
96 231,1
96 232,10
96 155,15
96 79,4
162 98,9
162 100,4
162 101,4
162 273,9
162 196,4
162 164,6
162 26,3
162 104,11
162 106,3
162 107,6
162 109,5
162 28,5
162 199,9
162 31,11
162 33,3
162 37,9
162 203,10
162 116,8
162 41,9
162 205,4
162 43,5
162 44,3
162 206,5
162 45,2
162 208,10
162 238,6
162 250,6
162 50,8
162 120,5
162 121,9
162 52,7
162 211,7
162 213,6
162 259,5
162 54,6
162 125,6
162 126,6
162 129,10
162 215,3
162 58,5
162 216,7
162 217,8
162 218,8
162 134,9
162 60,6
162 135,10
162 137,8
162 275,6
162 278,5
162 297,7
162 176,6
162 62,5
162 220,4
162 178,9
162 66,9
162 224,5
162 263,7
162 225,5
162 226,4
162 264,6
162 69,11
162 70,8
162 71,4
162 228,4
162 182,7
162 145,14
162 292,6
162 147,10
162 229,13
162 149,5
162 184,9
162 75,4
162 230,9
162 232,4
162 285,7
162 155,6
162 77,2
162 157,6
162 78,2
162 234,10
162 80,8
193 19,2
193 22,4
193 23,2
193 25,10
193 105,3
193 166,7
193 107,6
193 110,5
193 32,1
193 202,2
193 116,3
193 205,6
193 206,7
193 167,2
193 209,1
193 52,7
193 169,6
193 213,4
193 53,9
193 240,4
193 171,7
193 172,7
193 173,4
193 58,7
193 59,12
193 296,5
193 219,7
193 175,2
193 297,2
193 62,1
193 138,4
193 139,5
193 63,4
193 221,7
193 222,2
193 263,8
193 143,6
193 253,6
193 227,3
193 145,3
193 73,9
193 254,5
193 148,7
193 149,2
193 185,3
193 231,4
193 186,8
193 77,1
193 234,2
193 80,3
299 97,1
299 102,5
299 21,9
299 29,1
299 200,9
299 202,2
299 237,1
299 39,1
299 115,1
299 116,2
299 290,6
299 117,5
299 238,1
299 167,3
299 118,6
299 119,7
299 268,7
299 281,4
299 259,7
299 56,1
299 291,1
299 274,6
299 132,6
299 219,9
299 175,1
299 177,5
299 138,4
299 139,3
299 140,4
299 178,2
299 276,2
299 223,3
299 69,4
299 72,1
299 292,1
299 74,4
299 146,4
299 184,4
299 75,1
299 185,2
299 279,2
299 232,2
299 285,5
299 77,1
299 156,1
299 233,3
97 277,5
97 165,3
97 166,6
97 287,3
97 31,5
97 112,1
97 35,3
97 257,2
97 290,5
97 117,2
97 207,5
97 251,2
97 121,2
97 259,5
97 56,3
97 241,5
97 58,3
97 134,7
97 60,5
97 61,2
97 176,2
97 220,1
97 252,4
97 276,4
97 223,8
97 142,4
97 68,3
97 227,4
97 71,1
97 292,3
97 148,5
97 284,3
97 75,4
97 151,3
97 157,1
98 100,7
98 101,5
98 295,7
98 20,7
98 22,8
98 197,7
98 24,9
98 166,4
98 28,6
98 199,8
98 200,10
98 248,5
98 201,6
98 110,6
98 111,10
98 34,9
98 35,9
98 37,3
98 203,8
98 39,9
98 115,6
98 40,6
98 116,10
98 41,7
98 43,6
98 44,6
98 249,7
98 47,4
98 207,5
98 208,12
98 48,6
98 167,3
98 239,4
98 250,12
98 118,9
98 209,12
98 121,11
98 54,8
98 214,6
98 171,4
98 172,6
98 57,4
98 128,4
98 59,1
98 218,8
98 296,4
98 262,6
98 135,10
98 137,6
98 176,11
98 269,5
98 140,11
98 282,2
98 65,3
98 179,7
98 283,13
98 271,5
98 253,8
98 69,11
98 244,5
98 181,6
98 228,2
98 72,3
98 145,9
98 266,5
98 279,2
98 232,7
98 152,9
98 285,6
98 157,5
98 79,15
98 80,12
19 163,2
19 196,1
19 27,6
19 28,1
19 30,4
19 288,9
19 33,2
19 39,1
19 41,2
19 206,2
19 117,4
19 208,1
19 118,6
19 209,4
19 260,1
19 131,1
19 58,4
19 175,3
19 62,3
19 221,4
19 142,1
19 225,5
19 271,4
19 265,5
19 244,5
19 228,6
19 72,3
19 254,1
19 74,7
19 229,7
19 75,5
19 77,3
19 79,6
19 286,5
194 100,5
194 109,1
194 200,1
194 31,5
194 32,2
194 288,6
194 33,4
194 267,5
194 115,8
194 40,4
194 204,7
194 208,2
194 48,4
194 168,5
194 119,6
194 50,4
194 120,5
194 55,6
194 129,4
194 173,6
194 216,6
194 217,4
194 296,8
194 261,2
194 136,4
194 137,6
194 141,2
194 66,3
194 224,7
194 226,3
194 72,5
194 145,9
194 272,7
194 183,2
194 76,6
194 78,3
194 79,8
163 295,2
163 195,1
163 21,6
163 22,5
163 23,2
163 200,8
163 31,10
163 204,5
163 205,1
163 48,1
163 239,1
163 250,3
163 209,2
163 119,4
163 170,2
163 212,7
163 281,2
163 55,6
163 260,6
163 218,3
163 135,9
163 61,1
163 269,5
163 62,3
163 64,5
163 66,2
163 223,6
163 224,4
163 271,3
163 72,2
163 145,9
163 73,6
163 292,4
163 74,2
163 183,5
163 146,6
163 229,2
163 150,3
99 20,8
99 23,27
99 256,6
99 108,9
99 109,4
99 29,5
99 31,8
99 110,6
99 112,5
99 113,4
99 114,10
99 34,6
99 36,9
99 42,9
99 205,4
99 257,6
99 43,6
99 249,8
99 46,9
99 238,9
99 168,7
99 49,7
99 118,7
99 119,7
99 268,13
99 52,11
99 213,8
99 281,10
99 124,9
99 54,9
99 240,6
99 171,8
99 57,4
99 130,3
99 131,9
99 241,5
99 173,7
99 291,2
99 217,13
99 132,5
99 218,7
99 133,3
99 261,1
99 262,4
99 136,5
99 278,8
99 297,2
99 176,11
99 269,6
99 220,10
99 141,1
99 283,5
99 222,17
99 264,7
99 143,17
99 68,7
99 144,4
99 265,3
99 70,5
99 71,4
99 181,13
99 145,8
99 73,7
99 254,6
99 183,5
99 146,6
99 229,14
99 184,4
99 186,7
99 233,10
99 79,8
100 101,9
100 273,6
100 24,7
100 26,4
100 287,8
100 30,3
100 248,2
100 201,6
100 112,2
100 33,6
100 36,4
100 39,3
100 115,12
100 116,6
100 249,8
100 46,2
100 238,2
100 239,4
100 250,6
100 209,4
100 50,4
100 120,4
100 268,1
100 122,9
100 213,4
100 53,11
100 55,4
100 240,9
100 126,4
100 131,4
100 216,2
100 217,2
100 133,5
100 243,1
100 136,7
100 176,4
100 139,6
100 63,7
100 283,5
100 180,2
100 143,5
100 71,7
100 244,4
100 272,2
100 150,3
100 230,4
100 231,1
100 155,5
100 78,2
100 234,7
101 277,5
101 195,8
101 20,5
101 24,6
101 25,6
101 26,3
101 105,6
101 256,6
101 107,6
101 199,8
101 200,11
101 30,12
101 34,7
101 36,7
101 40,1
101 41,14
101 204,11
101 290,4
101 43,5
101 249,7
101 206,8
101 45,9
101 207,8
101 208,4
101 168,3
101 209,6
101 211,11
101 170,9
101 123,7
101 214,5
101 128,10
101 129,6
101 130,9
101 215,4
101 173,4
101 216,4
101 217,9
101 242,3
101 59,2
101 133,6
101 134,9
101 60,4
101 219,7
101 136,10
101 137,15
101 175,6
101 62,4
101 138,3
101 140,4
101 63,16
101 276,19
101 66,3
101 222,8
101 223,5
101 224,6
101 264,15
101 68,5
101 71,3
101 244,3
101 181,4
101 228,6
101 272,10
101 147,8
101 75,4
101 185,9
101 230,8
101 151,3
101 154,4
101 155,4
101 77,1
101 233,14
101 157,1
101 80,7
295 22,37
295 164,2
295 104,4
295 29,1
295 287,3
295 111,3
295 288,7
295 33,1
295 267,1
295 38,3
295 203,8
295 116,4
295 204,3
295 257,2
295 43,1
295 47,2
295 168,4
295 250,5
295 118,7
295 121,3
295 281,2
295 259,3
295 124,7
295 260,5
295 56,2
295 57,2
295 128,5
295 215,1
295 58,3
295 216,4
295 59,2
295 175,4
295 297,2
295 220,1
295 264,2
295 180,4
295 71,1
295 272,2
295 183,2
295 230,3
295 154,6
295 186,5
295 79,6
295 234,6
277 103,6
277 164,10
277 104,9
277 28,5
277 198,11
277 199,10
277 29,6
277 202,12
277 237,8
277 39,5
277 115,9
277 116,7
277 43,8
277 44,4
277 206,6
277 117,3
277 47,8
277 208,3
277 238,12
277 167,7
277 118,14
277 268,12
277 121,7
277 169,7
277 211,8
277 281,7
277 214,7
277 171,9
277 56,7
277 57,7
277 128,6
277 129,3
277 130,6
277 131,5
277 291,11
277 58,7
277 274,6
277 59,4
277 132,6
277 219,13
277 262,5
277 61,11
277 175,7
277 177,16
277 139,8
277 140,7
277 178,15
277 270,6
277 276,10
277 222,4
277 223,7
277 263,3
277 253,4
277 69,12
277 72,9
277 292,10
277 266,7
277 272,9
277 74,5
277 146,4
277 184,9
277 75,15
277 185,19
277 230,7
277 231,4
277 232,11
277 152,6
277 153,5
277 285,13
277 154,11
277 156,4
277 233,16
195 248,2
195 110,6
195 288,5
195 33,2
195 267,6
195 113,1
195 34,6
195 39,3
195 290,4
195 249,1
195 206,10
195 238,4
195 48,3
195 49,4
195 119,8
195 50,5
195 170,3
195 260,6
195 127,6
195 216,3
195 132,3
195 137,6
195 175,5
195 297,3
195 140,3
195 63,2
195 65,5
195 263,2
195 226,5
195 253,5
195 148,8
195 229,3
195 284,6
195 230,3
195 153,1
195 186,2
195 77,1
195 79,8
273 20,9
273 256,7
273 107,10
273 109,9
273 27,9
273 29,8
273 30,6
273 31,7
273 110,7
273 202,11
273 113,5
273 35,9
273 237,12
273 115,12
273 204,10
273 257,9
273 249,9
273 206,13
273 46,8
273 117,12
273 47,7
273 209,7
273 210,5
273 50,14
273 120,11
273 251,7
273 169,4
273 170,7
273 258,7
273 259,11
273 125,7
273 172,9
273 260,11
273 127,8
273 57,5
273 128,10
273 130,9
273 215,6
273 173,10
273 216,8
273 217,8
273 274,6
273 132,11
273 218,13
273 60,4
273 174,1
273 61,7
273 278,12
273 269,10
273 62,5
273 139,10
273 63,11
273 178,11
273 64,13
273 270,10
273 221,9
273 282,11
273 65,11
273 66,11
273 283,11
273 225,5
273 264,10
273 180,11
273 253,10
273 228,14
273 145,10
273 292,5
273 266,10
273 272,8
273 183,12
273 146,11
273 184,10
273 284,8
273 185,7
273 230,12
273 279,11
273 151,7
273 231,4
273 232,7
273 153,8
273 76,8
273 154,8
273 186,10
273 233,18
273 157,7
273 234,11
273 286,19
102 196,14
102 197,4
102 24,9
102 26,10
102 165,11
102 106,15
102 107,9
102 27,14
102 198,7
102 201,8
102 111,5
102 32,11
102 112,16
102 267,6
102 34,14
102 35,7
102 40,10
102 204,15
102 290,7
102 45,8
102 48,4
102 167,3
102 239,9
102 168,9
102 210,12
102 50,9
102 120,5
102 121,7
102 259,19
102 240,9
102 171,9
102 172,9
102 260,5
102 241,9
102 216,5
102 59,8
102 218,15
102 133,15
102 296,8
102 243,5
102 262,9
102 275,16
102 278,9
102 297,6
102 177,6
102 139,8
102 140,16
102 178,12
102 64,10
102 270,10
102 276,13
102 141,7
102 66,5
102 222,4
102 223,5
102 142,5
102 263,7
102 227,5
102 254,10
102 272,8
102 146,13
102 147,10
102 229,9
102 149,6
102 75,8
102 231,5
102 153,14
102 76,10
102 154,15
102 155,10
102 77,6
102 78,10
103 108,1
103 200,7
103 288,7
103 203,5
103 115,6
103 46,2
103 210,5
103 268,9
103 212,6
103 53,2
103 124,6
103 125,4
103 260,2
103 215,5
103 131,4
103 217,4
103 296,6
103 134,1
103 174,2
103 61,2
103 297,2
103 138,3
103 139,7
103 64,3
103 270,5
103 221,9
103 141,1
103 282,2
103 65,3
103 68,1
103 244,4
103 72,4
103 266,4
103 148,6
103 284,3
103 75,7
103 230,3
103 231,5
103 232,6
196 164,1
196 24,5
196 200,8
196 202,2
196 113,2
196 35,8
196 37,1
196 203,7
196 237,4
196 40,6
196 204,8
196 47,2
196 167,7
196 50,3
196 240,4
196 129,5
196 217,4
196 242,4
196 243,1
196 262,3
196 135,6
196 275,3
196 269,3
196 276,10
196 282,2
196 179,5
196 222,5
196 225,4
196 264,3
196 244,7
196 228,2
196 72,2
196 149,9
196 150,2
196 185,5
196 232,3
196 154,7
20 197,11
20 26,12
20 105,4
20 108,5
20 28,5
20 247,3
20 287,9
20 31,7
20 267,6
20 113,9
20 34,3
20 37,11
20 257,12
20 44,11
20 206,11
20 47,10
20 208,4
20 167,10
20 168,12
20 250,10
20 268,7
20 251,7
20 52,10
20 281,9
20 53,6
20 125,8
20 240,10
20 214,6
20 126,7
20 171,10
20 172,14
20 57,3
20 128,15
20 129,12
20 241,10
20 242,4
20 59,4
20 218,7
20 174,4
20 261,2
20 262,6
20 135,9
20 297,7
20 138,4
20 220,12
20 221,9
20 276,10
20 179,10
20 283,9
20 223,9
20 224,9
20 225,4
20 180,7
20 253,5
20 181,16
20 182,7
20 73,5
20 272,10
20 74,11
20 183,9
20 146,6
20 147,12
20 284,16
20 150,5
20 152,13
20 153,5
20 77,11
20 233,10
20 78,7
20 80,4
21 22,14
21 23,5
21 164,5
21 24,13
21 25,7
21 106,7
21 27,7
21 29,8
21 30,15
21 31,9
21 248,8
21 110,12
21 32,7
21 288,9
21 202,14
21 33,6
21 267,11
21 113,11
21 34,10
21 38,10
21 237,16
21 39,7
21 115,5
21 40,15
21 42,11
21 249,13
21 207,15
21 208,6
21 167,12
21 168,8
21 49,9
21 209,8
21 119,7
21 210,19
21 50,5
21 169,12
21 213,7
21 258,8
21 259,12
21 123,14
21 54,15
21 240,6
21 127,7
21 217,11
21 261,3
21 262,8
21 135,11
21 175,9
21 177,9
21 269,9
21 138,7
21 220,5
21 63,8
21 270,9
21 221,7
21 283,6
21 67,7
21 223,5
21 142,7
21 224,12
21 263,8
21 264,7
21 144,6
21 253,6
21 69,8
21 265,20
21 70,9
21 227,10
21 71,5
21 145,4
21 266,8
21 74,14
21 183,13
21 147,12
21 229,7
21 150,10
21 185,5
21 230,9
21 151,13
21 231,1
21 285,8
21 155,2
21 157,9
21 79,10
22 164,8
22 25,12
22 26,5
22 165,6
22 105,10
22 256,8
22 108,5
22 198,14
22 29,8
22 287,8
22 110,8
22 111,11
22 33,5
22 267,6
22 36,9
22 38,6
22 116,7
22 205,7
22 257,9
22 290,3
22 43,12
22 117,5
22 47,9
22 207,4
22 48,11
22 168,9
22 250,12
22 118,10
22 120,6
22 121,9
22 169,3
22 211,9
22 281,6
22 259,12
22 124,9
22 55,4
22 240,13
22 126,5
22 260,6
22 56,4
22 128,6
22 129,9
22 215,3
22 58,16
22 216,9
22 59,12
22 60,3
22 135,11
22 175,8
22 297,5
22 176,10
22 177,9
22 139,14
22 220,8
22 178,9
22 270,8
22 282,10
22 67,8
22 222,9
22 264,6
22 180,4
22 68,6
22 271,6
22 253,8
22 71,4
22 181,14
22 272,9
22 183,6
22 229,8
22 185,5
22 230,5
22 151,7
22 76,6
22 154,15
22 186,9
22 78,2
22 79,8
22 234,7
197 26,10
197 165,5
197 106,2
197 256,6
197 166,3
197 109,6
197 28,4
197 201,5
197 35,9
197 37,4
197 237,5
197 40,6
197 116,7
197 41,3
197 205,4
197 43,7
197 208,4
197 238,2
197 250,1
197 119,4
197 210,4
197 51,7
197 122,3
197 212,4
197 213,6
197 54,5
197 125,8
197 126,6
197 171,3
197 58,3
197 59,5
197 134,10
197 61,2
197 275,5
197 278,3
197 297,9
197 176,5
197 220,3
197 140,1
197 63,2
197 67,3
197 263,7
197 226,5
197 264,1
197 180,4
197 271,5
197 70,9
197 182,2
197 292,6
197 74,4
197 146,4
197 149,12
197 184,4
197 75,9
197 230,9
197 153,2
197 285,4
197 155,11
197 77,5
197 157,6
197 234,13
23 256,4
23 108,4
23 29,3
23 288,7
23 114,1
23 36,4
23 203,7
23 42,3
23 249,4
23 46,1
23 117,7
23 238,2
23 268,5
23 52,6
23 213,2
23 281,4
23 126,3
23 291,1
23 217,7
23 218,3
23 60,3
23 261,3
23 61,3
23 275,2
23 176,5
23 138,5
23 220,3
23 222,2
23 225,2
23 143,4
23 181,4
23 145,9
23 254,3
23 229,4
23 184,6
23 150,2
23 279,1
23 77,3
23 233,1
23 79,8
164 24,4
164 105,3
164 110,10
164 112,1
164 202,5
164 237,5
164 116,4
164 41,2
164 205,3
164 45,1
164 47,8
164 48,1
164 49,3
164 121,1
164 55,3
164 172,6
164 58,6
164 218,3
164 60,4
164 219,7
164 135,4
164 178,5
164 64,7
164 276,5
164 65,3
164 66,3
164 179,6
164 223,6
164 263,5
164 183,4
164 148,3
164 184,4
164 285,6
164 154,6
164 286,2
24 26,6
24 105,5
24 256,4
24 198,7
24 247,4
24 31,7
24 32,3
24 112,2
24 267,6
24 114,7
24 38,10
24 39,6
24 115,9
24 40,7
24 42,4
24 44,5
24 206,5
24 47,6
24 238,3
24 250,7
24 209,10
24 119,5
24 51,7
24 169,5
24 213,4
24 281,3
24 124,5
24 125,2
24 240,14
24 127,3
24 57,2
24 215,6
24 131,7
24 241,5
24 132,4
24 135,4
24 61,2
24 136,8
24 137,11
24 297,5
24 269,4
24 138,4
24 139,6
24 220,5
24 140,6
24 64,13
24 221,7
24 276,12
24 179,9
24 223,2
24 225,1
24 227,2
24 145,3
24 266,5
24 183,6
24 146,9
24 184,9
24 284,5
24 150,3
24 185,4
24 151,3
24 231,3
24 157,3
25 105,10
25 166,9
25 108,5
25 199,5
25 29,7
25 110,7
25 112,8
25 202,11
25 267,9
25 113,5
25 114,5
25 34,7
25 237,6
25 116,6
25 41,9
25 205,11
25 44,3
25 45,6
25 46,4
25 47,11
25 48,12
25 239,8
25 168,12
25 49,6
25 250,9
25 210,5
25 121,4
25 125,7
25 172,5
25 260,4
25 129,6
25 58,6
25 242,8
25 218,6
25 134,8
25 174,2
25 243,8
25 219,8
25 61,1
25 252,7
25 178,12
25 64,16
25 276,3
25 282,7
25 66,3
25 179,8
25 223,12
25 142,4
25 263,11
25 264,11
25 271,2
25 228,5
25 73,6
25 272,7
25 74,7
25 183,17
25 148,6
25 184,2
25 230,9
25 285,2
25 154,6
25 155,6
25 80,10
25 286,10
26 165,8
26 106,8
26 28,8
26 247,9
26 287,9
26 31,10
26 32,4
26 112,11
26 288,8
26 114,5
26 257,16
26 43,6
26 44,5
26 208,6
26 48,5
26 251,5
26 121,8
26 54,5
26 240,5
26 126,7
26 56,10
26 215,5
26 241,13
26 58,9
26 218,9
26 133,7
26 134,9
26 243,6
26 61,9
26 176,17
26 177,3
26 269,6
26 220,9
26 252,12
26 276,12
26 223,13
26 142,6
26 263,6
26 180,4
26 68,12
26 271,4
26 144,4
26 70,13
26 71,5
26 145,6
26 292,8
26 146,11
26 148,7
26 149,5
26 284,4
26 75,5
26 230,5
26 231,6
26 153,5
26 156,1
26 157,15
26 79,4
26 286,3
104 165,8
104 106,6
104 166,9
104 107,13
104 108,13
104 27,17
104 287,2
104 31,10
104 110,13
104 32,7
104 112,18
104 267,4
104 113,12
104 114,8
104 34,5
104 36,8
104 38,17
104 39,12
104 116,13
104 204,12
104 257,5
104 290,15
104 44,11
104 46,9
104 117,11
104 208,4
104 238,13
104 250,5
104 209,7
104 119,6
104 210,7
104 120,17
104 121,5
104 52,16
104 281,11
104 53,6
104 259,7
104 123,17
104 126,16
104 57,15
104 129,17
104 130,15
104 131,10
104 241,15
104 291,10
104 274,18
104 132,15
104 296,8
104 243,6
104 135,19
104 137,13
104 278,6
104 175,5
104 297,6
104 62,3
104 138,20
104 140,10
104 64,6
104 270,8
104 276,4
104 141,13
104 66,6
104 67,14
104 142,12
104 264,6
104 143,7
104 69,11
104 182,9
104 145,17
104 73,6
104 272,5
104 146,15
104 147,16
104 149,12
104 75,7
104 150,17
104 230,3
104 151,12
104 153,13
104 76,16
104 154,16
104 155,8
104 77,7
104 156,26
104 233,9
104 157,19
104 78,9
104 234,10
104 80,10
104 286,9
165 107,7
165 109,3
165 198,4
165 110,8
165 113,1
165 36,3
165 249,3
165 49,4
165 209,2
165 119,3
165 251,2
165 211,1
165 213,3
165 281,3
165 55,3
165 127,5
165 59,4
165 60,6
165 243,4
165 219,5
165 135,9
165 137,8
165 140,3
165 179,4
165 283,5
165 263,7
165 265,5
165 70,5
165 74,2
165 148,5
165 229,7
165 150,3
165 151,1
165 232,5
165 152,4
165 186,4
165 156,4
165 233,1
165 234,7
105 107,6
105 30,8
105 31,4
105 204,6
105 205,3
105 257,3
105 43,5
105 249,1
105 46,4
105 117,9
105 208,2
105 238,1
105 49,4
105 50,6
105 281,8
105 131,4
105 58,4
105 274,2
105 59,3
105 132,3
105 262,1
105 275,1
105 278,5
105 297,2
105 64,6
105 141,3
105 282,5
105 65,5
105 223,5
105 225,3
105 264,4
105 144,6
105 148,4
105 184,6
105 75,6
105 230,7
106 31,4
106 111,2
106 38,3
106 237,1
106 115,1
106 41,1
106 204,7
106 257,4
106 239,1
106 250,2
106 209,1
106 120,7
106 121,3
106 52,7
106 169,5
106 170,1
106 124,4
106 55,3
106 260,7
106 127,19
106 130,5
106 241,3
106 242,4
106 59,3
106 174,2
106 175,5
106 297,3
106 176,5
106 62,6
106 139,6
106 220,5
106 283,6
106 263,5
106 226,3
106 68,3
106 271,3
106 227,1
106 182,4
106 266,7
106 147,9
106 148,4
106 149,7
106 286,4
256 27,4
256 29,4
256 247,1
256 203,3
256 115,6
256 41,1
256 204,8
256 43,5
256 47,8
256 167,3
256 209,6
256 210,5
256 169,4
256 170,3
256 124,7
256 291,2
256 132,4
256 176,3
256 138,3
256 221,11
256 276,7
256 142,4
256 225,3
256 226,3
256 264,7
256 292,4
256 272,6
256 229,8
256 149,6
256 150,4
256 152,7
256 156,2
256 78,2
256 234,11
166 198,9
166 200,9
166 30,10
166 31,8
166 110,8
166 288,7
166 267,8
166 113,10
166 36,9
166 37,5
166 38,4
166 237,5
166 40,7
166 116,9
166 204,7
166 257,11
166 206,6
166 117,8
166 47,9
166 250,7
166 120,5
166 121,5
166 122,9
166 170,5
166 124,6
166 214,10
166 171,13
166 260,11
166 56,5
166 127,2
166 57,8
166 128,8
166 130,5
166 215,4
166 216,9
166 217,10
166 242,11
166 274,5
166 59,8
166 132,8
166 174,4
166 261,1
166 243,11
166 135,4
166 278,13
166 177,8
166 269,8
166 139,4
166 252,12
166 270,11
166 221,9
166 142,7
166 224,6
166 225,5
166 180,11
166 68,8
166 271,12
166 144,6
166 71,11
166 244,10
166 72,12
166 145,9
166 266,12
166 183,9
166 148,6
166 229,19
166 185,15
166 230,7
166 151,11
166 232,8
166 154,8
166 156,22
166 234,10
166 80,14
166 286,7
107 27,6
107 28,7
107 198,10
107 199,12
107 29,4
107 31,7
107 201,13
107 110,5
107 111,9
107 32,9
107 112,14
107 202,11
107 35,7
107 37,4
107 38,7
107 237,10
107 115,13
107 204,8
107 43,7
107 44,6
107 206,7
107 46,4
107 117,9
107 167,8
107 49,7
107 250,7
107 118,17
107 50,8
107 51,6
107 251,9
107 170,12
107 281,14
107 53,6
107 172,9
107 56,5
107 130,1
107 131,10
107 291,10
107 58,14
107 242,9
107 59,4
107 261,2
107 262,13
107 61,13
107 269,8
107 252,8
107 178,12
107 270,9
107 141,2
107 226,8
107 143,12
107 265,9
107 70,9
107 228,8
107 73,4
107 292,5
107 266,6
107 146,6
107 148,8
107 149,8
107 184,3
107 150,4
107 185,9
107 232,7
107 152,7
107 156,9
107 78,15
107 286,8
108 198,7
108 200,7
108 288,4
108 202,2
108 37,3
108 203,4
108 41,1
108 204,9
108 44,3
108 207,5
108 118,9
108 120,4
108 169,7
108 213,4
108 258,2
108 259,4
108 56,2
108 57,4
108 291,3
108 216,6
108 242,5
108 274,8
108 243,2
108 136,6
108 176,6
108 139,5
108 220,9
108 178,4
108 222,5
108 263,6
108 244,4
108 182,3
108 73,5
108 254,2
108 146,6
108 154,4
108 155,2
108 186,6
108 156,4
108 78,2
109 31,5
109 201,1
109 32,2
109 35,6
109 237,3
109 46,5
109 117,7
109 207,3
109 210,2
109 120,8
109 251,2
109 281,5
109 124,3
109 56,1
109 173,3
109 274,4
109 135,9
109 136,1
109 278,4
109 270,14
109 180,7
109 68,3
109 271,3
109 144,4
109 71,5
109 74,6
109 75,3
109 230,7
109 154,5
109 156,2
109 233,8
109 157,2
109 286,6
27 199,11
27 247,8
27 248,10
27 201,5
27 202,15
27 33,10
27 114,6
27 35,7
27 36,9
27 203,8
27 237,7
27 41,6
27 42,10
27 204,8
27 205,7
27 290,8
27 44,4
27 117,10
27 207,4
27 238,7
27 119,10
27 50,16
27 211,13
27 212,8
27 213,9
27 124,8
27 54,13
27 55,13
27 125,8
27 214,12
27 126,6
27 260,17
27 57,18
27 128,10
27 129,11
27 130,8
27 215,14
27 173,16
27 216,6
27 217,5
27 274,11
27 132,7
27 135,8
27 61,9
27 137,14
27 275,10
27 297,5
27 177,10
27 140,9
27 252,11
27 221,11
27 141,10
27 66,11
27 179,8
27 67,9
27 223,6
27 142,8
27 224,8
27 226,5
27 143,8
27 68,8
27 253,8
27 69,19
27 70,9
27 228,11
27 72,12
27 254,8
27 266,13
27 148,13
27 229,10
27 284,8
27 75,9
27 230,9
27 153,9
27 76,8
27 154,6
27 155,14
27 186,15
27 156,12
27 233,8
27 157,7
27 234,17
27 80,8
27 286,5
28 287,3
28 31,8
28 288,7
28 202,1
28 38,4
28 115,5
28 42,3
28 208,4
28 118,6
28 50,3
28 120,2
28 268,3
28 55,4
28 215,5
28 173,5
28 132,3
28 218,4
28 174,2
28 135,5
28 61,2
28 137,5
28 269,4
28 270,3
28 225,4
28 69,7
28 265,2
28 70,7
28 227,2
28 183,2
28 76,3
28 155,4
28 78,3
198 200,8
198 287,11
198 110,8
198 32,4
198 33,8
198 114,3
198 35,10
198 37,12
198 115,8
198 116,4
198 42,14
198 43,15
198 45,7
198 117,15
198 47,10
198 207,6
198 48,16
198 168,7
198 49,18
198 118,12
198 210,7
198 50,11
198 51,12
198 268,7
198 121,10
198 52,10
198 169,18
198 170,12
198 258,12
198 53,15
198 259,11
198 54,14
198 55,16
198 126,13
198 172,17
198 57,24
198 241,11
198 173,9
198 291,5
198 58,20
198 59,11
198 132,17
198 133,10
198 134,11
198 174,25
198 219,10
198 135,7
198 136,5
198 137,13
198 275,12
198 175,10
198 176,13
198 177,20
198 178,17
198 65,9
198 179,18
198 283,4
198 67,12
198 263,5
198 225,5
198 143,8
198 68,8
198 71,7
198 244,5
198 181,15
198 182,7
198 145,3
198 73,5
198 183,22
198 146,8
198 149,12
198 184,8
198 284,10
198 75,13
198 185,13
198 232,6
198 153,9
198 76,9
198 154,16
198 155,5
199 29,4
199 247,4
199 287,3
199 111,6
199 112,2
199 33,2
199 113,5
199 115,4
199 116,8
199 41,5
199 205,5
199 290,4
199 44,3
199 206,5
199 208,9
199 238,6
199 251,6
199 52,3
199 169,6
199 211,4
199 170,7
199 54,1
199 240,1
199 215,3
199 133,7
199 134,3
199 60,5
199 174,4
199 135,8
199 275,7
199 297,2
199 220,4
199 63,2
199 178,7
199 141,3
199 282,4
199 225,1
199 264,3
199 68,3
199 271,4
199 69,10
199 265,6
199 70,11
199 71,2
199 73,4
199 254,9
199 266,5
199 272,6
199 146,1
199 148,3
199 149,5
199 230,10
199 279,2
199 233,7
199 78,2
199 80,9
29 111,6
29 32,4
29 203,4
29 116,2
29 41,6
29 42,3
29 205,5
29 44,2
29 206,9
29 119,2
29 50,6
29 251,2
29 170,4
29 212,4
29 213,2
29 124,3
29 55,4
29 128,5
29 217,8
29 174,2
29 261,1
29 175,3
29 139,3
29 142,1
29 224,9
29 271,3
29 69,6
29 265,3
29 182,3
29 292,3
29 74,4
29 183,6
29 147,3
29 151,1
29 154,5
29 77,3
29 234,6
247 33,1
247 116,1
247 43,2
247 119,2
247 210,8
247 251,2
247 212,6
247 124,4
247 54,3
247 55,6
247 240,3
247 56,2
247 127,7
247 129,6
247 215,6
247 241,5
247 291,1
247 217,2
247 274,5
247 243,1
247 137,3
247 176,5
247 269,4
247 139,4
247 282,1
247 179,2
247 283,6
247 67,1
247 72,4
247 254,4
247 292,3
247 266,5
247 146,6
247 150,1
247 76,5
247 285,1
247 157,1
247 234,7
200 287,10
200 201,13
200 110,12
200 111,9
200 202,20
200 114,8
200 34,17
200 35,10
200 38,9
200 41,16
200 204,18
200 290,7
200 46,10
200 117,12
200 207,18
200 167,20
200 239,3
200 49,11
200 250,7
200 209,15
200 119,9
200 210,18
200 268,11
200 121,15
200 169,14
200 211,11
200 212,21
200 53,7
200 54,9
200 125,12
200 214,23
200 127,5
200 57,17
200 128,10
200 130,8
200 215,14
200 241,13
200 58,10
200 216,5
200 274,7
200 59,10
200 132,13
200 218,15
200 134,6
200 60,10
200 261,3
200 219,19
200 135,17
200 136,9
200 278,9
200 176,10
200 62,7
200 220,8
200 221,13
200 141,13
200 282,4
200 179,13
200 222,16
200 223,18
200 225,12
200 264,9
200 69,12
200 227,24
200 244,8
200 72,8
200 292,8
200 272,6
200 74,18
200 183,8
200 149,7
200 150,17
200 185,13
200 231,11
200 232,4
200 77,8
200 233,15
200 78,9
200 234,9
200 80,17
287 248,4
287 201,3
287 32,5
287 36,5
287 37,23
287 203,3
287 115,7
287 40,9
287 41,3
287 43,7
287 44,10
287 249,11
287 46,7
287 47,8
287 238,8
287 48,12
287 167,10
287 239,7
287 250,4
287 118,7
287 209,5
287 119,4
287 50,6
287 251,7
287 169,4
287 258,6
287 53,9
287 125,4
287 214,5
287 171,6
287 172,7
287 128,9
287 241,4
287 217,9
287 274,3
287 59,7
287 218,4
287 60,1
287 174,3
287 262,9
287 137,10
287 176,8
287 269,8
287 64,3
287 221,6
287 276,10
287 282,6
287 65,2
287 179,16
287 283,9
287 271,2
287 228,2
287 266,7
287 147,6
287 184,7
287 150,4
287 230,7
287 152,10
287 155,8
30 110,7
30 111,3
30 36,5
30 41,11
30 257,2
30 43,4
30 249,4
30 206,8
30 45,4
30 208,8
30 238,7
30 168,6
30 209,9
30 121,4
30 169,6
30 281,7
30 125,4
30 214,3
30 126,5
30 171,2
30 260,4
30 128,10
30 173,7
30 242,5
30 59,7
30 133,3
30 174,2
30 243,2
30 137,4
30 275,5
30 175,5
30 297,10
30 269,7
30 62,2
30 138,2
30 140,3
30 63,6
30 276,11
30 66,5
30 283,3
30 223,5
30 224,9
30 264,6
30 180,6
30 68,5
30 265,4
30 71,6
30 181,12
30 228,2
30 149,6
30 75,13
30 232,2
30 154,9
30 155,9
30 77,2
30 157,3
31 267,12
31 36,11
31 37,3
31 39,6
31 41,5
31 42,7
31 208,4
31 167,7
31 239,3
31 250,13
31 119,16
31 51,11
31 268,10
31 121,6
31 52,9
31 169,10
31 212,5
31 281,10
31 53,8
31 124,2
31 54,11
31 214,8
31 126,13
31 172,10
31 56,13
31 128,7
31 215,18
31 58,15
31 216,2
31 132,11
31 296,11
31 134,7
31 60,13
31 243,8
31 135,14
31 275,11
31 175,7
31 297,4
31 269,16
31 62,16
31 138,9
31 63,12
31 178,11
31 270,15
31 221,7
31 65,6
31 66,10
31 223,15
31 225,18
31 226,4
31 264,4
31 180,7
31 143,8
31 271,12
31 144,6
31 265,14
31 70,10
31 244,6
31 145,10
31 272,7
31 74,4
31 146,18
31 147,5
31 230,13
31 151,8
31 232,5
31 156,5
31 157,4
31 79,7
248 110,5
248 112,1
248 37,2
248 203,7
248 40,5
248 206,27
248 117,5
248 168,5
248 50,3
248 120,4
248 268,6
248 121,1
248 122,2
248 170,5
248 212,3
248 258,5
248 123,3
248 124,6
248 125,3
248 172,4
248 58,4
248 216,3
248 262,5
248 136,7
248 176,3
248 62,2
248 64,5
248 224,7
248 143,5
248 69,4
248 265,6
248 71,2
248 244,2
248 182,1
248 147,5
248 148,8
248 230,5
248 151,1
248 157,4
248 79,3
201 32,3
201 112,2
201 34,7
201 40,7
201 257,1
201 44,3
201 206,9
201 208,4
201 209,4
201 119,7
201 122,3
201 52,2
201 126,2
201 127,6
201 58,6
201 242,3
201 60,1
201 174,3
201 269,2
201 252,5
201 282,4
201 67,5
201 225,2
201 226,5
201 143,4
201 68,4
201 271,2
201 69,6
201 244,5
201 145,6
201 266,7
201 148,7
201 149,8
201 75,6
201 279,1
201 152,5
110 32,5
110 112,14
110 202,9
110 267,7
110 113,3
110 114,7
110 38,7
110 203,3
110 39,10
110 40,7
110 42,5
110 44,7
110 206,16
110 47,6
110 250,5
110 209,8
110 121,11
110 169,11
110 281,9
110 124,10
110 54,10
110 240,5
110 172,9
110 127,6
110 57,6
110 131,11
110 132,5
110 262,9
110 136,8
110 137,7
110 275,7
110 269,5
110 220,9
110 140,10
110 64,6
110 221,6
110 276,9
110 141,2
110 65,5
110 179,11
110 283,8
110 264,11
110 180,13
110 143,7
110 68,11
110 69,5
110 182,7
110 145,10
110 146,2
110 147,11
110 229,10
110 184,3
110 185,9
110 186,8
110 233,13
110 78,2
110 80,9
111 202,3
111 38,5
111 203,6
111 39,9
111 41,2
111 117,5
111 207,6
111 238,2
111 167,9
111 168,3
111 250,3
111 210,5
111 251,2
111 53,7
111 123,6
111 54,1
111 128,14
111 215,2
111 131,7
111 241,6
111 217,5
111 218,8
111 61,4
111 136,5
111 275,3
111 269,7
111 138,3
111 220,2
111 252,5
111 178,4
111 179,3
111 224,2
111 263,8
111 226,3
111 143,2
111 144,4
111 253,4
111 244,2
111 181,8
111 228,2
111 145,12
111 230,1
111 151,3
111 285,7
111 155,1
111 233,2
32 112,3
32 33,3
32 36,2
32 37,4
32 45,2
32 46,4
32 239,2
32 168,3
32 122,1
32 170,4
32 123,3
32 127,5
32 130,3
32 291,1
32 242,14
32 59,6
32 60,4
32 262,5
32 275,1
32 138,2
32 220,6
32 180,4
32 181,3
32 182,4
32 292,3
32 150,4
32 231,5
32 186,3
32 77,1
32 156,4
32 79,4
112 204,6
112 44,3
112 250,3
112 118,2
112 172,4
112 130,5
112 215,1
112 131,4
112 241,6
112 58,2
112 217,2
112 296,4
112 134,3
112 60,8
112 262,3
112 135,5
112 61,4
112 278,7
112 297,3
112 141,4
112 67,4
112 264,3
112 143,3
112 68,1
112 144,2
112 265,4
112 70,2
112 181,2
112 72,3
112 182,3
112 73,5
112 254,3
112 147,4
112 156,5
112 286,7
288 34,2
288 203,10
288 39,10
288 115,11
288 116,7
288 204,7
288 257,5
288 290,6
288 46,2
288 208,10
288 48,5
288 250,5
288 118,10
288 209,8
288 119,8
288 51,3
288 120,5
288 121,4
288 52,6
288 212,7
288 258,4
288 259,7
288 54,8
288 172,8
288 260,4
288 57,2
288 131,5
288 241,9
288 274,6
288 132,7
288 296,10
288 134,10
288 60,6
288 61,7
288 176,13
288 269,10
288 140,6
288 178,10
288 64,8
288 270,9
288 221,10
288 283,7
288 223,6
288 142,10
288 253,13
288 69,8
288 71,4
288 244,23
288 181,5
288 228,18
288 72,7
288 145,6
288 73,5
288 266,10
288 74,7
288 183,7
288 231,6
288 232,12
288 152,3
288 285,8
288 155,10
288 157,11
288 79,7
288 80,6
202 33,1
202 35,7
202 38,3
202 237,3
202 115,2
202 257,1
202 250,4
202 210,2
202 169,8
202 281,3
202 124,4
202 125,5
202 240,1
202 172,5
202 260,4
202 57,6
202 262,3
202 278,2
202 177,4
202 252,5
202 65,2
202 66,4
202 179,2
202 224,3
202 264,5
202 244,2
202 72,3
202 266,3
202 74,3
202 148,4
202 150,4
202 230,5
202 279,3
202 152,4
202 156,4
202 78,3
33 113,3
33 35,6
33 115,4
33 42,2
33 290,4
33 206,5
33 117,5
33 51,2
33 122,4
33 258,5
33 53,2
33 124,5
33 54,4
33 56,2
33 127,4
33 173,1
33 132,4
33 133,6
33 134,6
33 243,1
33 262,2
33 297,4
33 252,3
33 270,2
33 67,6
33 180,9
33 181,5
33 148,5
33 156,2
267 35,3
267 37,2
267 42,4
267 44,1
267 207,6
267 239,4
267 168,9
267 118,4
267 122,8
267 169,5
267 212,8
267 213,3
267 258,3
267 123,4
267 240,3
267 260,6
267 56,6
267 130,6
267 131,2
267 217,5
267 242,6
267 218,6
267 296,6
267 135,8
267 137,7
267 275,7
267 297,12
267 177,4
267 62,5
267 139,7
267 220,7
267 64,3
267 276,10
267 283,2
267 226,5
267 68,5
267 144,4
267 253,4
267 71,9
267 244,3
267 228,5
267 73,7
267 266,13
267 272,5
267 146,9
267 148,7
267 284,6
267 75,3
267 150,4
267 151,4
267 232,6
267 186,12
267 79,4
267 80,8
113 35,4
113 115,4
113 116,7
113 130,3
113 291,1
113 216,3
113 174,4
113 135,6
113 275,3
113 278,6
113 177,1
113 142,2
113 144,4
113 69,8
113 71,7
113 181,4
113 75,2
113 185,3
113 76,1
113 154,4
113 156,4
113 233,5
114 39,4
114 115,2
114 51,2
114 120,10
114 121,5
114 52,5
114 123,3
114 54,7
114 240,3
114 131,4
114 242,4
114 296,5
114 278,4
114 276,5
114 68,5
114 144,2
114 244,2
114 73,2
114 266,5
114 74,1
114 183,5
114 76,5
114 186,6
114 233,3
114 157,4
114 79,5
34 39,6
34 41,11
34 43,4
34 206,7
34 45,9
34 47,5
34 208,9
34 238,5
34 118,14
34 209,7
34 210,5
34 169,4
34 211,6
34 259,6
34 55,4
34 214,4
34 126,5
34 128,5
34 130,7
34 131,4
34 58,8
34 242,4
34 274,8
34 59,6
34 136,5
34 175,10
34 177,8
34 138,2
34 139,4
34 221,6
34 66,10
34 222,14
34 142,7
34 264,10
34 265,10
34 244,8
34 228,12
34 72,15
34 254,9
34 272,5
34 74,6
34 229,16
34 284,6
34 75,6
34 151,1
34 76,10
34 186,7
34 79,10
34 234,6
34 286,5
35 37,6
35 203,14
35 39,9
35 40,17
35 116,11
35 42,11
35 249,10
35 208,5
35 167,6
35 250,8
35 118,12
35 209,9
35 51,9
35 170,7
35 212,6
35 281,11
35 259,13
35 123,4
35 125,17
35 214,8
35 127,15
35 129,7
35 241,11
35 58,6
35 216,9
35 217,12
35 274,8
35 59,9
35 218,12
35 296,11
35 261,1
35 219,11
35 137,7
35 269,9
35 220,9
35 140,12
35 63,6
35 178,7
35 179,21
35 222,12
35 263,10
35 225,3
35 226,19
35 180,5
35 143,11
35 271,11
35 69,13
35 265,8
35 70,8
35 227,14
35 71,5
35 72,10
35 272,5
35 183,7
35 149,13
35 279,7
35 285,10
35 77,7
35 78,9
35 286,8
36 37,5
36 42,2
36 206,7
36 45,4
36 46,3
36 47,6
36 168,6
36 250,4
36 210,1
36 170,5
36 281,3
36 240,3
36 260,3
36 215,4
36 131,4
36 217,5
36 132,10
36 218,2
36 243,2
36 135,6
36 177,4
36 62,4
36 63,4
36 64,5
36 270,4
36 65,5
36 143,8
36 271,3
36 74,5
36 146,5
36 148,5
36 150,4
36 231,3
36 232,3
36 155,6
36 78,2
36 79,7
37 44,7
37 249,3
37 46,2
37 207,4
37 238,1
37 167,3
37 50,3
37 251,2
37 258,4
37 53,4
37 125,3
37 214,3
37 260,2
37 129,4
37 217,3
37 274,3
37 261,2
37 243,1
37 61,1
37 275,4
37 64,5
37 221,7
37 276,5
37 179,4
37 147,6
37 184,3
37 230,4
37 151,1
37 155,8
38 203,1
38 237,4
38 41,3
38 42,2
38 204,9
38 45,2
38 238,5
38 51,5
38 251,3
38 121,4
38 169,7
38 212,8
38 281,8
38 53,3
38 55,3
38 125,7
38 171,8
38 172,5
38 128,8
38 291,2
38 274,5
38 60,5
38 261,2
38 275,3
38 297,6
38 176,4
38 269,11
38 282,2
38 65,4
38 283,11
38 223,1
38 225,3
38 226,4
38 180,10
38 143,4
38 144,3
38 265,5
38 227,5
38 181,3
38 182,2
38 74,1
38 146,2
38 148,3
38 149,5
38 75,13
38 151,2
38 232,10
38 153,4
38 76,7
38 285,2
38 155,11
38 78,7
38 286,3
203 237,4
203 115,8
203 290,2
203 249,6
203 46,6
203 208,8
203 48,10
203 168,9
203 210,4
203 50,12
203 268,5
203 121,3
203 169,5
203 123,2
203 124,5
203 214,8
203 57,2
203 129,9
203 173,11
203 216,13
203 217,10
203 296,12
203 261,3
203 136,16
203 137,12
203 176,2
203 269,6
203 140,5
203 66,7
203 222,6
203 224,9
203 263,6
203 226,10
203 143,8
203 271,7
203 265,5
203 70,4
203 227,5
203 228,10
203 72,14
203 145,9
203 272,7
203 183,6
203 149,3
203 151,2
203 232,3
203 76,14
203 186,6
203 77,3
203 233,11
203 78,2
203 79,7
203 286,5
237 39,4
237 115,4
237 116,5
237 205,5
237 257,2
237 290,1
237 117,8
237 167,4
237 168,8
237 49,5
237 250,3
237 209,9
237 210,3
237 50,9
237 169,6
237 211,4
237 170,5
237 213,6
237 259,6
237 240,6
237 171,12
237 172,3
237 130,2
237 241,5
237 291,4
237 59,1
237 134,3
237 269,6
237 138,2
237 139,5
237 220,3
237 63,4
237 252,10
237 65,3
237 66,8
237 180,7
237 143,8
237 271,3
237 69,6
237 70,6
237 254,3
237 292,6
237 146,9
237 232,8
237 154,4
237 186,2
237 156,3
237 157,3
237 80,6
39 204,7
39 249,4
39 207,6
39 268,4
39 211,1
39 170,6
39 212,5
39 281,4
39 123,3
39 125,8
39 127,5
39 128,5
39 130,2
39 215,4
39 131,8
39 241,5
39 216,4
39 296,3
39 243,1
39 136,1
39 269,11
39 221,3
39 65,3
39 66,1
39 283,9
39 223,1
39 225,4
39 180,4
39 143,1
39 70,1
39 244,2
39 145,9
39 148,8
39 151,4
39 155,3
39 77,3
115 116,5
115 257,2
115 290,3
115 43,6
115 249,5
115 238,2
115 168,1
115 211,3
115 212,3
115 53,7
115 126,8
115 171,5
115 56,2
115 242,2
115 218,2
115 134,5
115 136,4
115 297,1
115 220,5
115 178,7
115 64,6
115 276,6
115 66,2
115 179,5
115 142,9
115 143,6
115 244,4
115 272,2
115 184,7
115 185,5
115 78,1
115 79,2
115 234,1
40 116,6
40 205,8
40 257,11
40 290,5
40 43,12
40 206,14
40 47,4
40 207,2
40 208,3
40 48,8
40 167,12
40 239,15
40 168,7
40 250,8
40 210,6
40 52,9
40 53,9
40 125,5
40 240,12
40 214,8
40 171,6
40 130,6
40 215,3
40 241,8
40 291,12
40 217,6
40 242,15
40 218,9
40 133,6
40 134,5
40 261,4
40 219,7
40 136,11
40 176,15
40 139,8
40 140,13
40 65,18
40 67,10
40 223,6
40 224,4
40 264,6
40 180,9
40 68,8
40 271,16
40 253,6
40 265,8
40 181,5
40 72,9
40 266,13
40 146,6
40 147,7
40 148,6
40 229,14
40 149,5
40 184,11
40 230,5
40 153,8
40 285,6
40 156,10
40 78,7
40 234,8
40 286,1
116 205,6
116 249,4
116 238,2
116 49,3
116 119,7
116 210,7
116 51,3
116 213,4
116 53,4
116 124,3
116 240,6
116 126,6
116 171,7
116 172,5
116 291,4
116 217,7
116 274,4
116 60,1
116 261,2
116 138,6
116 139,3
116 220,2
116 270,5
116 226,2
116 271,7
116 69,6
116 227,6
116 228,7
116 72,6
116 182,3
116 254,4
116 148,4
116 186,4
116 80,8
41 117,8
41 208,7
41 168,7
41 169,6
41 281,2
41 55,5
41 240,1
41 56,5
41 128,7
41 241,6
41 173,5
41 217,3
41 133,7
41 60,5
41 219,5
41 62,5
41 270,4
41 66,11
41 222,3
41 224,11
41 227,5
41 71,8
41 228,4
41 292,3
41 147,7
41 149,5
41 152,2
41 156,2
41 234,6
41 80,12
41 286,7
42 204,6
42 257,1
42 44,5
42 206,9
42 46,1
42 48,2
42 118,3
42 50,4
42 51,6
42 52,3
42 212,5
42 258,7
42 172,5
42 130,2
42 241,7
42 58,7
42 274,5
42 296,3
42 174,5
42 61,1
42 141,3
42 65,3
42 66,6
42 225,5
42 69,8
42 70,9
42 71,8
42 72,6
42 73,6
42 74,4
42 75,5
42 76,7
42 156,3
42 79,6
42 80,9
204 44,4
204 206,8
204 45,9
204 117,11
204 47,8
204 207,14
204 238,7
204 48,12
204 167,8
204 168,6
204 49,5
204 50,11
204 268,6
204 251,11
204 52,7
204 211,13
204 213,6
204 258,10
204 281,10
204 259,10
204 123,8
204 124,13
204 54,10
204 55,14
204 125,9
204 214,11
204 172,18
204 216,13
204 132,8
204 243,11
204 135,8
204 278,16
204 176,6
204 138,3
204 140,5
204 178,13
204 64,17
204 276,13
204 141,10
204 282,10
204 65,3
204 283,10
204 222,11
204 223,5
204 142,9
204 263,7
204 225,21
204 253,6
204 227,9
204 228,14
204 145,7
204 147,9
204 149,9
204 184,8
204 75,6
204 152,9
204 153,7
204 285,4
204 186,4
204 77,5
204 233,13
204 78,17
204 80,7
204 286,11
205 206,2
205 117,8
205 209,4
205 51,1
205 52,8
205 169,3
205 211,1
205 258,3
205 124,5
205 54,2
205 56,3
205 216,2
205 59,3
205 296,3
205 134,9
205 60,2
205 174,2
205 261,2
205 219,4
205 61,3
205 62,1
205 282,3
205 224,1
205 225,2
205 144,2
205 70,9
205 145,5
205 151,1
205 232,1
205 153,4
205 285,2
205 186,7
205 156,3
205 234,9
205 80,7
257 239,2
257 118,1
257 120,8
257 52,4
257 211,2
257 215,5
257 173,1
257 174,2
257 262,2
257 175,1
257 63,2
257 252,3
257 64,1
257 270,3
257 282,2
257 222,4
257 263,2
257 180,3
257 68,1
257 271,6
257 265,6
257 70,3
257 72,5
257 147,3
257 149,4
257 284,4
257 185,4
257 230,4
257 151,4
257 152,3
257 77,2
257 156,4
257 233,5
290 44,12
290 46,4
290 117,5
290 208,2
290 238,15
290 48,7
290 239,16
290 168,5
290 119,17
290 210,4
290 120,8
290 122,11
290 52,2
290 281,2
290 259,2
290 240,12
290 214,6
290 126,3
290 260,6
290 128,13
290 129,5
290 241,12
290 291,5
290 216,11
290 242,15
290 218,2
290 133,6
290 134,16
290 174,2
290 243,16
290 137,6
290 138,7
290 139,13
290 140,5
290 63,2
290 178,2
290 141,12
290 65,5
290 223,16
290 142,5
290 224,2
290 264,6
290 180,3
290 144,5
290 227,6
290 244,15
290 181,3
290 228,5
290 74,4
290 147,3
290 148,14
290 149,6
290 279,18
290 151,18
290 231,4
290 154,8
290 155,11
290 156,7
290 233,15
290 78,2
290 79,12
43 117,5
43 238,6
43 239,2
43 118,6
43 209,4
43 50,4
43 51,18
43 122,6
43 169,3
43 213,6
43 125,8
43 240,4
43 260,4
43 128,6
43 215,1
43 134,7
43 60,2
43 61,2
43 136,8
43 297,5
43 269,6
43 62,4
43 139,6
43 65,4
43 283,6
43 67,4
43 223,5
43 263,6
43 264,5
43 144,5
43 72,4
43 145,10
43 266,3
43 183,6
43 229,8
43 284,7
43 75,3
43 185,9
43 230,3
43 231,5
43 186,3
43 157,5
43 286,3
44 207,5
44 239,4
44 120,7
44 213,1
44 123,1
44 240,6
44 56,6
44 130,4
44 131,5
44 217,2
44 242,5
44 137,6
44 297,5
44 177,3
44 62,4
44 138,3
44 270,2
44 65,5
44 283,7
44 144,4
44 253,4
44 272,3
44 147,6
44 284,6
44 150,3
44 151,3
44 233,8
44 79,5
249 47,19
249 208,6
249 49,7
249 210,3
249 212,4
249 258,4
249 54,7
249 57,2
249 130,3
249 215,4
249 134,3
249 174,1
249 261,2
249 219,2
249 262,3
249 61,3
249 137,6
249 64,6
249 221,6
249 66,6
249 283,12
249 223,6
249 264,5
249 180,5
249 271,1
249 254,6
249 272,7
249 151,3
249 152,5
206 207,6
206 168,6
206 210,6
206 50,8
206 121,4
206 122,10
206 211,13
206 170,7
206 258,10
206 123,4
206 124,14
206 125,3
206 171,6
206 172,9
206 57,4
206 131,5
206 58,7
206 274,6
206 132,4
206 296,6
206 262,14
206 136,8
206 275,2
206 175,12
206 297,12
206 176,6
206 62,4
206 63,13
206 64,6
206 270,3
206 276,13
206 65,8
206 67,4
206 224,8
206 225,5
206 143,9
206 271,2
206 69,10
206 71,5
206 244,3
206 181,7
206 182,14
206 292,6
206 272,5
206 183,8
206 147,7
206 148,11
206 230,7
206 186,15
206 77,4
206 233,13
206 157,4
206 78,4
206 79,8
45 117,8
45 207,3
45 118,6
45 50,5
45 258,3
45 172,4
45 127,5
45 57,8
45 291,1
45 242,2
45 274,6
45 132,9
45 218,6
45 296,6
45 60,6
45 219,5
45 275,6
45 62,5
45 138,2
45 63,6
45 64,4
45 221,9
45 276,6
45 282,4
45 283,9
45 67,4
45 264,6
45 265,8
45 72,3
45 254,8
45 147,8
45 284,4
45 232,8
45 156,4
45 78,2
46 117,8
46 48,5
46 167,2
46 268,4
46 258,5
46 171,4
46 57,2
46 129,4
46 218,5
46 243,2
46 135,6
46 278,6
46 177,1
46 179,3
46 67,1
46 222,1
46 180,4
46 143,2
46 266,4
46 272,5
46 74,5
46 279,1
46 186,4
46 80,6
117 48,12
117 168,8
117 209,12
117 119,10
117 50,17
117 268,10
117 251,9
117 52,7
117 169,6
117 258,8
117 281,10
117 54,8
117 214,6
117 172,7
117 129,8
117 215,5
117 241,9
117 173,8
117 58,8
117 217,4
117 59,8
117 218,10
117 133,7
117 296,13
117 134,9
117 261,1
117 219,16
117 135,8
117 137,12
117 270,9
117 221,15
117 282,8
117 65,17
117 222,5
117 223,9
117 142,3
117 224,6
117 264,8
117 180,7
117 265,6
117 181,9
117 182,8
117 145,10
117 183,8
117 146,7
117 147,3
117 184,8
117 150,2
117 279,3
117 231,10
117 186,3
117 234,10
117 286,7
47 208,4
47 238,5
47 49,8
47 118,5
47 121,4
47 212,3
47 123,5
47 54,9
47 55,5
47 240,3
47 214,7
47 127,5
47 215,2
47 241,1
47 58,9
47 217,8
47 134,8
47 174,1
47 243,3
47 262,7
47 136,6
47 137,1
47 278,8
47 62,3
47 220,4
47 178,5
47 64,5
47 221,13
47 276,5
47 282,8
47 66,4
47 179,8
47 283,5
47 223,6
47 180,5
47 144,2
47 227,1
47 254,6
47 272,11
47 149,6
47 184,7
47 152,7
207 208,6
207 118,5
207 210,7
207 121,11
207 211,3
207 170,10
207 212,10
207 258,3
207 259,8
207 54,9
207 214,8
207 171,2
207 56,4
207 130,14
207 216,13
207 218,8
207 60,7
207 261,1
207 262,4
207 275,4
207 278,6
207 175,10
207 177,14
207 220,10
207 63,16
207 252,6
207 221,12
207 276,4
207 141,1
207 66,3
207 222,5
207 142,9
207 224,5
207 263,9
207 225,3
207 264,7
207 143,4
207 68,9
207 144,7
207 69,9
207 265,9
207 70,4
207 182,11
207 266,11
207 74,5
207 147,5
207 284,6
207 185,6
207 279,5
207 151,13
207 153,5
207 76,6
207 233,12
207 157,8
208 238,5
208 121,7
208 52,6
208 258,2
208 125,5
208 131,4
208 218,6
208 60,2
208 174,2
208 243,1
208 176,6
208 177,4
208 138,3
208 63,9
208 64,4
208 270,3
208 179,6
208 142,7
208 225,1
238 168,5
238 268,3
238 211,4
238 170,4
238 171,5
238 128,7
238 131,8
238 173,5
238 291,2
238 216,3
238 217,3
238 174,6
238 261,3
238 275,2
238 138,8
238 141,2
238 282,5
238 67,6
238 142,8
238 271,3
238 69,9
238 227,3
238 254,5
238 149,6
238 150,5
238 185,5
238 152,7
238 76,5
238 154,5
238 77,2
238 79,5
48 239,3
48 250,6
48 268,8
48 170,4
48 258,7
48 124,6
48 127,2
48 128,3
48 130,8
48 173,4
48 291,2
48 60,5
48 174,2
48 262,1
48 175,4
48 62,3
48 63,5
48 252,6
48 64,6
48 221,6
48 276,7
48 223,8
48 253,5
48 244,5
48 266,6
48 183,6
48 151,2
48 76,6
48 155,10
48 233,4
48 157,7
167 239,4
167 119,9
167 268,8
167 122,3
167 52,6
167 169,5
167 281,5
167 260,4
167 130,6
167 241,5
167 291,2
167 58,7
167 60,10
167 261,1
167 219,6
167 175,7
167 221,4
167 141,1
167 66,5
167 179,4
167 67,5
167 226,5
167 264,5
167 265,7
167 254,5
167 147,9
167 185,7
167 151,1
167 156,5
167 80,8
239 168,7
239 119,6
239 51,2
239 120,6
239 259,5
239 171,2
239 260,3
239 130,1
239 291,2
239 217,2
239 133,4
239 296,4
239 243,2
239 177,2
239 224,5
239 180,3
239 144,4
239 70,1
239 71,2
239 182,1
239 184,3
239 151,2
239 155,4
239 186,3
239 233,3
239 78,3
239 79,2
239 80,6
168 49,7
168 250,5
168 119,6
168 268,10
168 251,5
168 212,3
168 281,6
168 55,5
168 240,8
168 58,6
168 217,8
168 135,7
168 137,7
168 252,7
168 178,4
168 64,8
168 282,7
168 66,5
168 71,6
168 74,5
168 148,7
168 284,9
168 285,7
168 234,5
49 119,8
49 210,7
49 50,10
49 268,7
49 122,4
49 170,7
49 212,7
49 281,3
49 123,8
49 55,5
49 242,5
49 218,4
49 60,6
49 219,5
49 262,9
49 135,9
49 137,3
49 275,3
49 177,3
49 140,1
49 63,4
49 64,9
49 221,6
49 276,7
49 282,11
49 66,4
49 179,6
49 283,4
49 223,6
49 68,4
49 181,7
49 254,5
49 183,5
49 149,7
49 284,7
49 150,2
49 232,5
49 153,5
49 154,5
49 157,3
49 79,9
49 234,5
250 118,6
250 121,7
250 169,6
250 212,5
250 281,5
250 53,9
250 240,5
250 217,7
250 242,6
250 274,2
250 137,5
250 138,6
250 221,10
250 222,8
250 223,7
250 142,6
250 265,5
250 227,5
250 181,7
250 229,10
250 284,6
250 75,6
118 209,8
118 251,6
118 211,7
118 212,4
118 213,6
118 281,7
118 53,8
118 259,8
118 171,7
118 127,13
118 129,9
118 215,1
118 216,6
118 59,7
118 296,6
118 243,5
118 219,6
118 262,6
118 61,3
118 137,11
118 278,3
118 175,7
118 220,7
118 140,4
118 178,7
118 221,8
118 141,2
118 66,5
118 179,8
118 283,7
118 222,9
118 263,6
118 226,3
118 70,7
118 227,1
118 181,7
118 74,14
118 147,8
118 148,4
118 229,9
118 279,1
118 232,15
118 152,7
118 154,9
118 186,13
118 233,7
118 234,3
118 80,5
209 51,6
209 122,2
209 169,5
209 213,6
209 54,10
209 126,9
209 171,6
209 260,4
209 59,5
209 218,5
209 134,9
209 135,8
209 297,5
209 176,2
209 140,5
209 63,7
209 65,6
209 264,7
209 180,7
209 68,3
209 271,4
209 74,6
209 183,11
209 146,7
209 149,8
209 230,6
209 151,3
209 153,6
209 155,6
119 210,13
119 50,13
119 268,16
119 121,6
119 211,6
119 170,6
119 213,7
119 258,4
119 124,10
119 54,9
119 214,14
119 260,18
119 56,4
119 127,8
119 129,7
119 215,4
119 291,4
119 58,5
119 216,11
119 132,12
119 296,12
119 174,4
119 243,10
119 219,12
119 262,15
119 275,11
119 177,11
119 252,13
119 64,10
119 270,4
119 222,9
119 223,6
119 142,6
119 226,12
119 69,12
119 265,5
119 71,4
119 181,4
119 228,20
119 182,4
119 145,8
119 148,19
119 149,7
119 284,10
119 150,4
119 185,7
119 230,4
119 279,6
119 232,6
119 152,10
119 155,9
119 80,7
119 286,5
210 268,6
210 124,18
210 55,8
210 127,10
210 57,7
210 129,8
210 291,9
210 216,6
210 242,5
210 274,2
210 59,4
210 174,4
210 219,6
210 61,15
210 175,8
210 177,8
210 138,6
210 252,6
210 270,14
210 221,8
210 179,5
210 142,9
210 263,7
210 144,2
210 69,7
210 227,9
210 228,14
210 145,11
210 292,6
210 183,9
210 229,17
210 149,7
210 230,4
210 151,6
210 76,9
210 285,5
210 79,3
210 234,12
50 51,5
50 268,10
50 251,3
50 53,2
50 126,4
50 128,3
50 129,4
50 296,7
50 219,5
50 278,7
50 297,8
50 276,10
50 282,8
50 283,5
50 67,4
50 222,8
50 223,9
50 180,2
50 143,4
50 144,5
50 227,2
50 182,7
50 74,4
50 146,4
50 148,7
50 153,8
50 76,8
50 285,5
50 286,7
51 122,1
51 214,1
51 172,6
51 128,4
51 58,5
51 132,5
51 134,2
51 174,2
51 243,1
51 177,2
51 138,5
51 64,4
51 270,5
51 276,1
51 65,7
51 179,6
51 283,4
51 222,2
51 263,5
51 144,6
51 265,6
51 75,9
51 230,4
51 231,4
51 186,3
51 77,2
51 286,6
120 268,4
120 251,2
120 121,4
120 122,9
120 52,11
120 170,2
120 212,7
120 258,2
120 123,4
120 54,3
120 55,5
120 240,9
120 171,4
120 129,8
120 130,6
120 215,2
120 241,3
120 173,12
120 242,5
120 296,14
120 261,3
120 61,10
120 136,15
120 278,12
120 176,5
120 62,5
120 220,9
120 178,6
120 221,7
120 222,10
120 142,4
120 224,9
120 225,3
120 264,10
120 180,6
120 68,7
120 271,16
120 144,13
120 253,10
120 265,8
120 244,24
120 181,5
120 254,5
120 266,13
120 284,6
120 75,6
120 230,6
120 279,7
120 151,12
120 232,3
120 285,1
120 77,7
120 233,13
268 121,8
268 170,6
268 212,9
268 281,8
268 123,2
268 171,5
268 131,6
268 58,8
268 59,1
268 218,6
268 261,3
268 219,5
268 262,9
268 135,10
268 61,4
268 137,4
268 275,1
268 278,9
268 297,3
268 139,2
268 140,3
268 64,12
268 282,8
268 65,8
268 223,9
268 264,3
268 271,3
268 144,3
268 253,8
268 227,6
268 244,4
268 228,6
268 254,3
268 148,11
268 229,7
268 184,9
268 284,7
268 75,14
268 150,3
268 230,6
268 232,5
268 285,7
268 78,4
268 286,6
251 170,6
251 281,6
251 259,6
251 55,5
251 214,3
251 130,4
251 242,6
251 132,9
251 261,2
251 262,6
251 135,6
251 137,4
251 175,7
251 176,6
251 269,7
251 221,6
251 179,4
251 67,8
251 223,6
251 224,8
251 68,3
251 70,5
251 73,4
251 272,6
251 74,6
251 184,4
251 232,5
251 186,5
251 79,5
121 169,6
121 259,8
121 291,2
121 58,7
121 242,4
121 218,4
121 133,6
121 174,4
121 219,9
121 262,7
121 61,1
121 176,9
121 139,5
121 270,6
121 65,5
121 179,4
121 67,6
121 222,6
121 265,3
121 184,6
121 75,10
121 76,7
121 186,4
121 77,2
121 78,2
122 211,2
122 124,4
122 55,4
122 240,6
122 171,2
122 131,6
122 274,3
122 296,8
122 136,3
122 137,4
122 278,4
122 64,5
122 270,4
122 65,6
122 179,1
122 67,3
122 264,2
122 144,6
122 73,2
122 292,3
122 284,5
122 75,3
122 151,2
122 231,3
122 232,2
122 154,4
122 186,5
122 79,4
122 234,6
52 124,7
52 55,5
52 125,8
52 240,6
52 126,7
52 56,6
52 274,5
52 59,9
52 269,5
52 252,1
52 270,4
52 263,5
52 225,6
52 226,1
52 143,8
52 69,5
52 181,5
52 183,7
52 146,9
52 184,4
52 230,6
52 77,5
52 156,4
169 281,10
169 125,9
169 171,11
169 172,13
169 56,5
169 57,6
169 129,10
169 130,4
169 173,4
169 58,10
169 216,9
169 242,12
169 274,9
169 59,6
169 133,17
169 60,8
169 174,4
169 135,10
169 136,14
169 275,12
169 278,8
169 269,3
169 138,3
169 140,12
169 252,10
169 221,14
169 276,6
169 141,4
169 223,9
169 263,7
169 226,7
169 180,19
169 68,6
169 271,10
169 144,7
169 69,8
169 265,8
169 227,12
169 182,8
169 73,10
169 147,13
169 229,12
169 75,15
169 279,12
169 152,12
169 153,7
169 285,8
169 77,19
169 156,21
169 233,9
211 212,7
211 258,4
211 123,4
211 125,5
211 171,8
211 260,7
211 128,5
211 60,4
211 261,1
211 243,3
211 175,10
211 297,10
211 276,6
211 141,2
211 282,3
211 65,5
211 264,8
211 253,5
211 69,10
211 145,5
211 147,5
211 148,8
211 229,1
211 184,6
211 231,2
211 154,8
170 212,6
170 260,5
170 130,6
170 58,9
170 242,13
170 133,5
170 261,2
170 278,10
170 175,10
170 269,6
170 140,7
170 252,10
170 64,7
170 282,8
170 223,6
170 263,5
170 226,5
170 143,11
170 68,7
170 69,8
170 145,5
170 266,6
170 147,4
170 148,8
170 229,3
170 149,7
170 284,8
170 75,11
170 150,2
170 185,9
170 152,6
170 77,2
170 79,4
212 258,6
212 53,5
212 259,14
212 123,17
212 55,9
212 125,1
212 126,15
212 171,14
212 127,10
212 57,4
212 130,21
212 173,8
212 216,5
212 217,11
212 132,14
212 218,14
212 134,4
212 60,16
212 174,2
212 135,12
212 136,5
212 278,8
212 175,9
212 63,4
212 252,12
212 141,5
212 65,16
212 179,3
212 223,15
212 224,8
212 263,3
212 226,21
212 180,11
212 68,6
212 253,9
212 265,16
212 70,7
212 244,8
212 182,4
212 145,3
212 266,10
212 74,3
212 146,8
212 147,5
212 148,3
212 75,14
212 150,11
212 185,9
212 279,6
212 151,6
212 231,10
212 152,14
212 153,2
212 76,4
212 285,5
212 156,5
212 234,4
213 53,2
213 123,2
213 54,8
213 214,7
213 126,3
213 215,4
213 173,4
213 59,2
213 137,3
213 177,2
213 62,2
213 139,5
213 226,1
213 68,2
213 144,4
213 253,2
213 70,10
213 71,2
213 181,3
213 72,2
213 182,4
213 292,1
213 147,5
213 152,3
213 154,3
213 155,5
213 233,3
213 78,2
213 234,5
258 53,4
258 124,4
258 125,3
258 126,7
258 171,4
258 172,3
258 130,4
258 241,2
258 242,3
258 132,5
258 60,3
258 261,2
258 262,6
258 275,2
258 175,9
258 176,3
258 269,8
258 62,2
258 252,5
258 270,3
258 282,5
258 66,8
258 226,3
258 180,6
258 143,5
258 271,3
258 69,9
258 70,5
258 227,1
258 244,5
258 182,3
258 292,2
258 146,5
258 232,11
258 154,4
258 77,3
258 157,3
258 286,9
281 124,6
281 54,7
281 55,3
281 127,4
281 128,6
281 132,7
281 60,6
281 261,3
281 61,4
281 62,7
281 220,10
281 252,1
281 179,4
281 67,6
281 224,4
281 263,4
281 225,2
281 264,6
281 143,10
281 271,3
281 145,7
281 147,11
281 150,2
281 230,7
281 153,6
281 155,9
53 55,5
53 240,5
53 171,9
53 127,9
53 215,5
53 216,4
53 59,5
53 134,5
53 137,4
53 176,3
53 177,1
53 269,5
53 139,7
53 220,6
53 63,6
53 141,1
53 143,6
53 68,4
53 227,3
53 182,7
53 254,3
53 146,5
53 154,1
53 186,4
53 80,9
259 123,7
259 124,8
259 55,13
259 240,9
259 172,16
259 127,6
259 57,6
259 129,11
259 131,6
259 291,12
259 58,11
259 274,13
259 59,6
259 132,8
259 218,7
259 133,8
259 134,9
259 219,11
259 262,20
259 135,4
259 61,5
259 275,7
259 278,8
259 176,13
259 177,10
259 62,1
259 138,3
259 139,5
259 140,9
259 252,10
259 178,5
259 64,6
259 282,10
259 65,8
259 66,14
259 179,7
259 67,22
259 222,8
259 225,3
259 271,12
259 144,8
259 253,7
259 181,6
259 182,10
259 292,4
259 272,7
259 229,18
259 184,6
259 185,10
259 231,7
259 152,3
259 234,10
123 55,6
123 127,7
123 128,4
123 241,2
123 173,4
123 291,2
123 274,5
123 132,3
123 174,6
123 176,6
123 63,7
123 252,10
123 178,4
123 282,8
123 225,4
123 226,5
123 68,4
123 69,4
123 265,6
123 70,1
123 182,9
123 254,11
123 266,8
123 284,7
123 150,5
123 185,3
123 151,5
123 232,6
123 157,4
123 78,4
123 80,8
124 125,6
124 128,9
124 131,14
124 291,1
124 216,5
124 274,4
124 275,5
124 297,3
124 176,7
124 269,3
124 62,2
124 252,8
124 64,7
124 221,8
124 283,2
124 67,6
124 142,5
124 180,4
124 253,5
124 69,10
124 145,5
124 148,10
124 284,6
124 285,4
124 155,17
124 156,5
124 79,6
124 286,4
54 125,6
54 173,3
54 217,8
54 242,2
54 134,8
54 60,4
54 219,8
54 135,6
54 136,7
54 275,4
54 175,3
54 138,2
54 139,4
54 63,5
54 69,10
54 181,5
54 266,6
54 183,3
54 148,5
54 230,2
54 157,7
54 78,1
54 79,6
55 214,9
55 260,7
55 56,11
55 127,5
55 129,7
55 130,5
55 291,9
55 58,4
55 216,9
55 242,3
55 296,11
55 134,5
55 60,5
55 261,3
55 262,13
55 135,13
55 275,6
55 138,3
55 63,6
55 64,8
55 270,3
55 276,9
55 282,3
55 66,4
55 283,4
55 67,5
55 142,9
55 224,10
55 226,7
55 143,11
55 271,9
55 253,7
55 69,8
55 265,6
55 227,11
55 71,2
55 244,7
55 72,11
55 182,9
55 73,6
55 254,9
55 148,7
55 232,4
55 152,5
55 233,6
55 78,17
55 234,14
125 215,2
125 291,2
125 296,6
125 60,4
125 243,2
125 278,4
125 177,2
125 283,7
125 67,5
125 263,5
125 143,8
125 271,5
125 69,10
125 149,5
125 185,4
125 230,8
125 279,2
125 153,11
125 154,4
240 214,3
240 56,3
240 216,4
240 59,5
240 132,4
240 275,4
240 140,4
240 252,6
240 276,8
240 143,8
240 68,5
240 253,6
240 279,2
240 153,7
240 154,5
240 233,5
214 56,5
214 57,4
214 130,5
214 241,11
214 59,3
214 218,6
214 134,9
214 136,6
214 140,7
214 252,5
214 64,2
214 141,3
214 66,7
214 225,3
214 68,1
214 69,6
214 227,7
214 228,7
214 145,8
214 292,4
214 229,7
214 75,4
214 285,9
126 260,5
126 127,3
126 130,4
126 131,7
126 241,10
126 58,3
126 217,5
126 274,12
126 59,17
126 134,12
126 262,3
126 135,14
126 136,8
126 275,25
126 175,6
126 63,12
126 252,2
126 178,10
126 276,12
126 282,4
126 65,9
126 179,6
126 222,3
126 263,8
126 226,4
126 271,18
126 144,16
126 265,6
126 227,18
126 71,1
126 244,13
126 181,7
126 72,16
126 73,6
126 266,8
126 183,17
126 150,15
126 279,7
126 231,5
126 152,3
126 153,10
126 186,4
126 77,16
126 156,10
126 78,5
126 234,7
126 80,4
126 286,6
171 57,4
171 130,2
171 60,3
171 297,1
171 276,6
171 141,3
171 65,4
171 283,5
171 225,4
171 143,7
171 144,6
171 244,4
171 183,7
171 229,9
171 185,10
171 230,6
171 231,4
171 80,6
172 128,13
172 131,4
172 241,6
172 217,6
172 132,8
172 218,6
172 296,10
172 174,2
172 135,11
172 136,2
172 278,8
172 297,7
172 269,6
172 220,5
172 178,9
172 179,7
172 222,2
172 263,7
172 264,3
172 143,4
172 144,4
172 253,3
172 181,10
172 145,6
172 183,9
172 147,8
172 229,7
172 149,4
172 284,8
172 279,2
172 151,2
172 152,7
172 153,8
172 285,13
172 154,11
172 233,5
172 78,2
172 79,5
172 234,7
260 127,15
260 128,12
260 215,3
260 216,10
260 242,5
260 296,6
260 243,7
260 219,12
260 135,13
260 136,4
260 176,3
260 138,1
260 139,17
260 63,6
260 252,9
260 276,6
260 65,4
260 66,6
260 223,10
260 226,13
260 180,11
260 143,8
260 253,8
260 72,8
260 145,10
260 73,12
260 292,6
260 266,13
260 272,8
260 74,3
260 147,9
260 149,5
260 184,5
260 284,5
260 76,5
260 285,5
260 154,9
260 186,4
260 78,2
56 215,5
56 274,3
56 132,9
56 133,6
56 134,4
56 61,2
56 275,3
56 297,3
56 63,5
56 141,1
56 67,2
56 180,6
56 70,7
56 71,7
56 254,4
56 146,5
56 148,6
56 233,5
127 129,6
127 173,4
127 216,10
127 242,8
127 274,8
127 59,8
127 296,11
127 261,4
127 243,6
127 219,8
127 175,12
127 297,4
127 176,8
127 62,3
127 139,6
127 220,12
127 63,7
127 252,6
127 283,13
127 222,7
127 263,8
127 225,4
127 226,5
127 143,7
127 68,13
127 182,5
127 266,8
127 147,6
127 148,9
127 149,7
127 284,5
127 231,6
127 76,6
127 154,5
127 186,7
127 78,3
127 79,5
127 286,4
57 129,2
57 130,6
57 215,5
57 241,5
57 291,13
57 58,2
57 217,7
57 274,6
57 59,3
57 174,1
57 275,14
57 278,8
57 177,16
57 140,6
57 63,6
57 252,11
57 276,11
57 141,7
57 66,6
57 226,6
57 264,11
57 271,4
57 144,1
57 227,7
57 181,8
57 182,6
57 145,4
57 74,12
57 147,11
57 229,14
57 284,4
57 185,16
57 152,4
57 153,3
57 285,12
57 155,1
57 186,4
57 156,12
57 157,5
57 286,12
128 129,9
128 130,5
128 215,5
128 173,4
128 133,3
128 60,7
128 261,1
128 243,4
128 136,5
128 269,8
128 220,2
128 65,4
128 179,2
128 254,4
128 272,9
128 148,4
128 149,7
128 184,7
128 284,6
128 230,6
128 151,3
128 155,8
128 156,6
128 233,5
128 234,7
129 215,3
129 58,9
129 274,8
129 60,6
129 174,3
129 261,3
129 262,7
129 136,5
129 176,4
129 138,8
129 221,18
129 276,10
129 141,4
129 65,4
129 179,12
129 67,5
129 142,6
129 263,13
129 264,6
129 143,6
129 271,4
129 227,5
129 228,7
129 292,6
129 272,15
129 229,6
129 149,5
129 150,3
129 231,6
129 152,2
129 155,10
129 157,5
129 234,16
130 131,7
130 216,15
130 242,17
130 218,12
130 134,5
130 60,22
130 243,6
130 61,7
130 278,14
130 175,15
130 140,13
130 63,12
130 252,13
130 141,5
130 66,5
130 222,15
130 223,6
130 224,13
130 226,5
130 143,6
130 253,9
130 265,16
130 70,3
130 244,8
130 228,17
130 72,10
130 254,11
130 266,12
130 272,10
130 184,6
130 284,2
130 185,19
130 279,18
130 232,2
130 153,3
130 156,6
130 233,5
130 157,8
215 173,5
215 242,6
215 274,6
215 132,11
215 133,9
215 296,4
215 174,2
215 243,5
215 219,16
215 275,7
215 177,5
215 62,5
215 139,13
215 63,13
215 252,6
215 270,15
215 221,19
215 179,3
215 283,8
215 142,3
215 224,1
215 225,4
215 253,3
215 69,12
215 70,17
215 71,4
215 228,3
215 145,4
215 292,4
215 74,7
215 146,13
215 184,13
215 75,9
215 185,5
215 230,5
215 151,14
215 152,3
215 153,3
215 156,9
215 78,4
215 234,14
131 243,1
131 275,3
131 63,3
131 252,8
131 141,1
131 222,5
131 180,3
131 271,5
131 144,2
131 70,3
131 228,5
131 254,6
131 183,5
131 147,7
131 284,7
131 185,8
131 231,2
131 155,7
131 77,3
131 233,5
241 132,9
241 218,9
241 135,6
241 61,10
241 176,7
241 269,10
241 62,3
241 64,9
241 270,7
241 141,2
241 66,7
241 179,10
241 283,6
241 67,7
241 223,3
241 224,2
241 263,8
241 227,8
241 244,8
241 72,6
241 145,6
241 73,8
241 292,10
241 74,9
241 183,7
241 146,14
241 229,8
241 284,4
241 75,6
241 150,4
241 153,10
241 285,9
241 154,7
241 77,4
241 157,6
241 79,4
241 234,6
173 274,5
173 262,2
173 135,4
173 137,12
173 275,6
173 278,4
173 175,3
173 269,4
173 62,5
173 138,2
173 220,4
173 178,3
173 221,3
173 65,7
173 67,4
173 224,3
173 225,4
173 143,7
173 68,5
173 70,9
173 72,6
173 73,4
173 266,6
173 272,4
173 74,1
173 183,6
173 146,9
173 184,7
173 75,9
173 279,6
173 232,3
173 152,7
173 76,9
173 186,2
173 78,1
173 79,2
173 234,8
291 60,5
291 174,4
291 261,4
291 243,1
291 262,5
291 275,4
291 176,4
291 140,4
291 63,2
291 221,2
291 141,3
291 283,2
291 67,7
291 180,3
291 271,2
291 253,3
291 72,3
291 182,2
291 254,3
291 147,3
291 232,2
291 186,2
291 78,5
58 133,7
58 296,5
58 275,7
58 278,4
58 139,7
58 221,9
58 141,1
58 179,6
58 223,8
58 180,2
58 143,4
58 70,3
58 266,4
58 272,4
58 74,5
58 284,10
58 75,5
58 279,2
58 231,5
58 76,3
58 186,4
58 233,4
58 78,4
58 80,4
216 243,8
216 139,5
216 140,5
216 223,11
216 224,5
216 264,3
216 143,5
216 68,4
216 144,1
216 253,4
216 244,3
216 254,1
216 183,4
216 148,5
216 149,7
216 279,7
216 155,4
216 156,3
216 233,11
216 157,3
216 79,3
216 80,6
217 242,6
217 296,3
217 174,2
217 275,3
217 220,10
217 66,5
217 283,7
217 224,6
217 227,5
217 244,5
217 266,8
217 150,5
217 76,5
217 154,5
217 156,6
217 233,6
217 78,2
242 59,5
242 133,6
242 296,5
242 219,7
242 262,9
242 61,5
242 297,3
242 138,4
242 139,7
242 220,7
242 140,5
242 65,2
242 263,6
242 225,2
242 180,3
242 70,5
242 181,10
242 182,5
242 292,5
242 149,4
242 184,5
242 279,2
242 151,4
242 231,3
242 285,4
242 186,8
242 156,6
242 79,7
242 286,5
274 132,12
274 133,5
274 296,11
274 219,11
274 61,6
274 176,12
274 269,14
274 62,5
274 138,3
274 140,11
274 141,7
274 283,7
274 222,12
274 142,4
274 224,2
274 225,5
274 180,11
274 143,10
274 69,10
274 244,9
274 181,5
274 72,16
274 182,6
274 73,4
274 266,19
274 272,7
274 146,9
274 147,13
274 230,5
274 153,5
274 76,6
274 155,14
274 186,10
274 77,9
274 156,13
274 234,8
274 286,14
59 296,4
59 275,7
59 175,9
59 297,5
59 178,8
59 179,5
59 67,3
59 144,3
59 73,5
59 149,9
59 75,8
59 231,6
59 233,5
59 234,7
59 80,11
132 218,10
132 133,11
132 296,9
132 134,8
132 60,9
132 262,3
132 136,6
132 176,14
132 177,13
132 269,7
132 138,6
132 139,6
132 220,2
132 66,7
132 67,17
132 224,7
132 263,10
132 225,5
132 180,10
132 143,9
132 253,8
132 227,7
132 71,7
132 228,11
132 72,5
132 254,6
132 292,5
132 74,17
132 147,11
132 184,12
132 150,2
132 151,8
132 153,10
132 285,5
132 155,17
132 234,14
132 286,8
218 296,6
218 174,2
218 137,1
218 278,10
218 269,3
218 178,2
218 64,5
218 65,8
218 67,5
218 224,5
218 263,8
218 225,3
218 68,4
218 271,3
218 253,6
218 70,7
218 244,6
218 145,6
218 292,6
218 150,1
218 285,8
218 157,5
218 286,5
133 278,5
133 176,7
133 177,6
133 139,6
133 271,4
133 182,5
133 73,5
133 148,7
133 185,5
133 279,1
133 154,5
296 261,3
296 136,7
296 137,10
296 278,11
296 175,6
296 297,9
296 269,6
296 62,4
296 140,5
296 63,13
296 178,6
296 263,6
296 226,12
296 68,4
296 271,2
296 144,1
296 253,7
296 69,6
296 244,5
296 182,4
296 74,4
296 146,8
296 148,7
296 229,4
296 284,15
296 230,4
296 231,5
296 232,6
296 153,13
296 76,6
296 186,14
296 79,9
296 286,7
134 137,7
134 275,5
134 297,5
134 177,4
134 140,6
134 221,8
134 282,7
134 283,5
134 182,5
134 145,10
134 183,7
134 148,3
134 229,6
134 149,9
134 185,8
134 231,9
60 135,14
60 61,16
60 137,11
60 175,12
60 62,4
60 178,5
60 64,3
60 221,11
60 66,18
60 283,4
60 67,8
60 222,4
60 223,8
60 142,8
60 263,9
60 180,8
60 265,13
60 244,5
60 181,5
60 228,6
60 182,3
60 145,6
60 254,12
60 266,5
60 272,10
60 74,4
60 146,6
60 147,16
60 184,2
60 152,7
60 155,14
60 156,9
60 78,10
60 79,7
60 286,1
174 261,4
174 219,4
174 135,13
174 297,1
174 176,10
174 138,16
174 139,7
174 252,15
174 178,3
174 282,1
174 65,4
174 67,13
174 225,5
174 264,1
174 68,2
174 69,14
174 71,10
174 228,3
174 254,12
174 272,2
174 149,1
174 75,1
174 150,13
174 230,3
174 232,5
174 76,3
174 77,4
174 156,13
174 157,1
174 80,16
174 286,1
261 243,4
261 61,17
261 137,3
261 297,1
261 177,1
261 62,13
261 138,16
261 63,13
261 64,8
261 65,17
261 66,2
261 67,13
261 226,1
261 264,4
261 68,17
261 144,3
261 265,2
261 181,3
261 228,2
261 72,14
261 266,2
261 146,5
261 184,5
261 284,2
261 185,5
261 232,1
261 153,3
261 77,15
261 78,13
243 262,2
243 220,3
243 63,6
243 64,5
243 270,4
243 65,4
243 179,1
243 283,4
243 142,6
243 225,5
243 226,4
243 264,2
243 68,3
243 144,3
243 265,2
243 71,2
243 228,5
243 184,2
243 279,2
243 152,4
243 233,3
219 136,6
219 137,6
219 275,4
219 176,4
219 269,5
219 139,12
219 220,2
219 63,6
219 178,5
219 64,9
219 270,7
219 66,5
219 283,8
219 67,7
219 222,13
219 223,9
219 263,8
219 225,2
219 143,3
219 71,8
219 72,5
219 145,9
219 73,5
219 254,6
219 272,10
219 146,7
219 150,3
219 185,7
219 285,6
219 154,15
219 155,2
219 186,8
219 77,3
219 233,6
219 78,3
219 79,5
219 234,4
262 278,2
262 140,7
262 221,8
262 276,13
262 222,2
262 271,3
262 253,5
262 265,5
262 227,3
262 181,6
262 272,5
262 76,5
135 137,13
135 278,9
135 178,6
135 179,16
135 142,9
135 224,7
135 143,4
135 271,13
135 144,5
135 253,6
135 265,8
135 244,11
135 145,8
135 73,3
135 292,3
135 272,7
135 74,9
135 229,11
135 149,7
135 279,3
135 232,9
135 76,6
135 155,8
135 77,8
135 233,9
135 234,8
135 80,9
135 286,7
61 137,1
61 278,1
61 62,4
61 140,6
61 178,4
61 270,4
61 66,4
61 179,3
61 67,6
61 222,3
61 263,3
61 225,3
61 265,4
61 228,12
61 72,4
61 145,6
61 292,3
61 183,4
61 146,6
61 229,5
61 149,4
61 184,4
61 75,3
61 152,2
136 275,4
136 175,11
136 138,3
136 276,9
136 141,2
136 283,10
136 223,7
136 263,6
136 225,2
136 68,5
136 271,2
136 265,9
136 227,4
136 181,7
136 182,4
136 156,2
136 233,8
137 65,4
137 66,4
137 67,9
137 222,7
137 271,4
137 227,5
137 181,8
137 266,5
137 74,5
137 146,8
137 284,8
137 185,8
137 231,6
137 156,4
137 233,8
137 79,7
137 234,9
137 80,12
275 278,8
275 175,4
275 62,3
275 220,4
275 252,9
275 178,10
275 221,12
275 276,20
275 283,9
275 142,7
275 68,11
275 69,14
275 181,8
275 72,6
275 145,11
275 74,6
275 146,4
275 75,7
275 154,4
275 155,10
275 77,5
275 156,2
275 80,7
275 286,6
278 62,3
278 252,6
278 64,3
278 270,3
278 67,6
278 264,3
278 265,4
278 181,7
278 228,4
278 145,8
278 254,8
278 272,4
278 229,13
278 75,10
278 152,7
278 286,10
175 176,3
175 177,9
175 62,2
175 276,7
175 282,5
175 66,8
175 283,1
175 223,4
175 143,13
175 70,9
175 227,3
175 181,4
175 272,4
175 74,4
175 147,8
175 184,2
175 75,6
175 285,8
297 276,7
297 141,1
297 224,5
297 226,1
297 71,5
297 181,8
297 72,1
297 73,5
297 148,7
297 151,1
297 285,3
297 154,6
297 157,4
176 138,3
176 220,4
176 63,5
176 252,5
176 178,7
176 64,6
176 271,4
176 144,4
176 253,6
176 265,6
176 227,5
176 228,8
176 182,6
176 266,5
176 148,3
176 231,5
176 155,6
176 78,4
177 269,1
177 141,1
177 271,6
177 265,9
177 70,3
177 228,7
177 183,5
177 148,4
177 184,3
177 230,7
177 279,2
177 232,5
177 76,3
177 285,2
177 77,2
177 79,3
269 140,10
269 282,3
269 66,6
269 283,7
269 222,3
269 224,7
269 70,5
269 227,4
269 244,6
269 181,6
269 182,3
269 292,5
269 76,4
269 154,7
269 186,3
269 78,3
62 220,7
62 276,12
62 65,11
62 179,11
62 283,12
62 222,2
62 223,2
62 224,1
62 263,2
62 69,6
62 71,2
62 228,15
62 145,4
62 254,9
62 292,5
62 266,12
62 183,12
62 147,16
62 229,1
62 184,3
62 150,13
62 185,4
62 230,12
62 151,2
62 231,7
62 78,13
62 79,3
62 80,5
62 286,15
138 139,3
138 178,4
138 221,13
138 141,6
138 65,2
138 179,2
138 222,10
138 142,14
138 263,10
138 225,5
138 264,5
138 180,3
138 143,1
138 144,3
138 69,14
138 265,2
138 227,20
138 228,13
138 72,4
138 146,2
138 229,5
138 184,16
138 150,24
138 185,3
138 279,6
138 232,8
138 153,3
138 233,3
139 220,6
139 66,7
139 283,9
139 226,1
139 72,4
139 272,9
139 74,8
139 146,8
139 147,5
139 184,8
139 152,5
139 77,2
139 233,4
220 252,8
220 276,5
220 65,1
220 222,6
220 226,3
220 227,4
220 244,4
220 228,2
220 230,5
220 279,2
220 232,9
220 76,3
220 154,6
220 233,7
140 252,6
140 179,6
140 67,5
140 225,4
140 226,8
140 143,5
140 271,4
140 227,3
140 72,2
140 254,4
140 266,9
140 229,8
140 184,6
140 150,1
140 279,2
140 77,7
63 270,5
63 221,6
63 67,4
63 222,5
63 264,9
63 143,10
63 181,5
63 284,9
63 230,9
63 231,8
63 79,12
252 282,7
252 223,9
252 226,4
252 271,6
252 253,4
252 182,2
252 254,10
252 146,6
252 229,6
252 149,7
252 284,4
252 232,3
252 157,3
252 80,15
178 270,7
178 276,1
178 282,5
178 144,6
178 244,9
178 228,4
178 72,6
178 292,2
178 74,7
178 147,4
178 284,3
178 230,7
178 279,3
178 76,4
178 285,8
64 141,3
64 179,6
64 142,4
64 264,6
64 180,5
64 253,5
64 146,7
64 148,6
64 184,5
64 75,5
64 153,8
64 154,6
64 155,10
64 186,7
64 77,1
64 157,8
64 80,7
270 65,4
270 66,5
270 179,4
270 180,5
270 143,3
270 68,6
270 144,7
270 265,5
270 71,7
270 72,9
270 292,5
270 272,3
270 74,5
270 229,6
270 75,7
270 230,7
270 151,5
270 232,7
270 153,5
270 154,6
270 186,5
270 156,6
270 233,4
270 157,7
270 78,3
270 80,4
270 286,9
221 67,7
221 264,6
221 271,5
221 253,8
221 227,5
221 181,8
221 145,14
221 73,2
221 292,3
221 74,8
221 284,6
221 75,5
221 231,5
221 232,5
221 153,8
221 154,2
221 155,6
221 186,4
221 233,7
221 79,5
221 234,5
221 80,10
276 282,6
276 179,8
276 67,2
276 142,6
276 68,2
276 69,6
276 227,6
276 181,9
276 228,1
276 72,3
276 254,4
276 147,10
276 148,4
276 149,3
276 184,4
276 75,11
276 185,16
276 279,3
276 151,2
276 152,3
276 76,7
276 154,17
276 157,12
276 79,2
141 66,3
141 222,3
141 73,3
141 254,2
141 184,2
141 150,5
141 185,3
141 151,2
141 231,3
141 153,3
141 234,3
141 80,3
282 225,4
282 226,1
282 68,1
282 271,5
282 144,3
282 265,2
282 272,7
282 284,7
282 185,5
282 78,1
282 79,6
282 234,7
65 283,6
65 67,4
65 226,7
65 264,7
65 68,5
65 144,11
65 69,6
65 72,4
65 182,6
65 292,9
65 183,12
65 146,8
65 148,11
65 75,15
65 185,9
65 285,7
65 186,9
65 77,11
65 79,10
66 67,5
66 222,7
66 180,7
66 228,6
66 292,3
66 150,1
66 279,1
66 232,1
66 76,1
66 80,8
179 142,7
179 226,5
179 271,4
179 71,4
179 292,6
179 74,8
179 183,10
179 284,8
179 232,7
179 285,2
179 77,4
283 263,6
283 225,5
283 143,3
283 68,3
283 244,6
283 228,4
283 182,6
283 254,3
283 292,4
283 147,5
283 149,5
283 184,2
283 76,5
283 79,9
67 224,3
67 263,6
67 226,8
67 71,1
67 181,13
67 145,16
67 73,6
67 254,7
67 292,4
67 74,10
67 229,13
67 230,10
67 151,8
67 232,6
67 152,8
67 76,10
67 155,11
67 156,16
67 79,11
67 234,7
67 286,4
222 68,4
222 71,7
222 244,5
222 181,4
222 73,3
222 184,6
222 284,4
222 152,1
222 186,6
223 264,7
223 180,12
223 272,10
223 183,6
223 279,3
223 151,3
223 156,4
142 225,4
142 70,7
142 227,5
142 244,9
142 229,9
142 150,2
142 151,5
142 186,6
142 157,8
224 271,5
224 73,3
224 186,9
224 233,10
224 78,1
263 70,5
263 272,8
263 74,10
263 147,9
263 229,9
263 149,11
263 155,7
263 186,5
263 77,2
263 157,5
225 226,16
225 144,10
225 265,3
225 70,12
225 227,4
225 244,12
225 228,13
225 182,10
225 73,2
225 254,5
225 183,14
225 148,1
225 229,16
225 284,9
225 150,3
225 152,3
225 76,11
225 77,16
225 79,2
225 80,4
225 286,11
226 180,2
226 143,6
226 244,5
226 254,5
226 147,3
226 185,5
226 152,5
226 186,5
226 77,3
226 79,3
264 143,2
264 244,3
264 266,4
264 272,5
264 149,5
264 184,4
264 284,6
264 185,4
264 279,5
264 231,7
264 79,5
180 271,8
180 144,4
180 265,9
180 227,3
180 244,6
180 266,11
180 146,10
180 229,3
180 150,2
180 232,8
180 77,4
180 156,4
143 265,6
143 292,10
143 229,7
143 185,6
143 231,3
143 285,5
143 79,1
68 144,6
68 181,7
68 72,5
68 145,4
68 272,4
68 284,8
68 152,3
68 153,8
68 77,3
271 253,3
271 265,17
271 70,11
271 244,6
271 228,13
271 254,4
271 272,2
271 185,8
271 285,4
271 186,7
271 77,16
271 78,4
271 79,8
271 234,7
271 80,9
144 69,3
144 265,8
144 181,4
144 72,6
144 182,3
144 266,7
144 146,7
144 184,2
144 150,2
144 230,5
144 151,3
144 154,6
144 186,6
144 234,7
253 228,7
253 148,6
253 279,3
253 76,5
253 154,4
69 227,6
69 72,7
69 75,10
69 150,5
69 279,6
69 231,6
69 232,8
69 152,7
69 154,9
69 186,9
69 156,7
69 157,10
265 244,4
265 72,8
265 266,9
265 183,9
265 148,10
265 149,3
265 284,5
265 75,9
265 230,8
265 231,3
265 232,7
265 152,5
265 76,8
265 154,3
265 233,7
70 145,7
70 292,5
70 230,6
70 151,3
70 186,6
70 286,6
227 228,16
227 72,16
227 73,6
227 292,7
227 266,3
227 147,9
227 148,3
227 284,6
227 75,11
227 185,11
227 279,5
227 231,5
227 285,13
227 155,4
227 233,8
227 78,16
227 80,9
227 286,7
71 244,6
71 284,7
71 230,9
71 151,2
244 228,5
244 72,10
244 183,7
244 149,7
244 284,4
244 185,5
244 232,11
244 153,3
244 154,7
244 77,5
244 157,3
181 145,4
181 272,7
181 154,7
181 77,3
181 233,6
181 79,9
228 72,6
228 73,6
228 266,7
228 183,13
228 146,5
228 147,4
228 229,10
228 149,2
228 150,3
228 279,5
228 152,5
228 76,3
228 155,7
228 186,6
228 80,5
72 183,5
72 147,4
72 184,5
72 185,5
72 76,12
72 155,1
72 78,3
72 80,4
72 286,8
182 147,8
182 150,3
182 185,9
182 231,4
182 285,6
182 80,6
145 254,4
145 272,7
145 157,8
145 234,13
145 286,12
73 266,8
73 183,5
73 284,9
73 75,4
73 152,7
73 285,9
73 154,8
254 229,8
254 230,6
254 231,5
254 76,7
254 77,4
254 78,1
254 80,9
292 272,3
292 183,2
292 147,5
292 229,5
292 231,8
292 285,7
292 156,3
266 183,5
266 146,8
266 147,10
266 148,11
266 184,2
266 150,1
266 231,2
266 232,8
266 153,7
266 154,7
266 77,4
272 183,2
272 146,8
272 151,1
272 152,4
74 151,5
74 77,2
183 146,5
183 148,5
183 150,3
183 185,5
183 230,6
183 156,2
183 233,6
183 234,8
183 80,1
146 147,8
146 75,11
146 151,5
146 231,4
146 155,10
146 77,4
147 148,4
147 232,3
147 152,8
147 186,1
147 78,4
147 80,4
148 279,1
148 285,3
148 155,7
229 149,5
229 184,7
229 232,7
229 152,7
229 153,8
229 285,8
229 234,6
229 80,13
229 286,5
149 157,9
149 286,4
184 150,3
184 279,3
184 152,10
284 151,4
284 153,10
284 155,6
284 186,8
75 185,11
75 230,6
75 76,12
75 285,9
75 154,9
75 77,1
150 185,15
150 231,1
150 152,17
150 155,1
150 156,15
150 78,13
150 80,5
185 77,3
185 80,6
230 156,8
230 233,8
230 79,5
230 234,15
230 286,9
279 231,6
279 232,1
279 152,12
279 153,7
279 285,2
279 155,1
279 186,1
279 156,5
279 157,6
279 78,4
151 153,7
151 76,6
151 154,5
151 155,4
151 156,7
231 80,7
232 156,3
232 80,13
232 286,6
152 78,3
153 156,6
153 78,4
76 155,5
76 157,3
76 78,1
285 154,6
154 233,8
154 79,4
155 186,6
186 156,4
186 79,6
77 233,4
77 234,6
77 286,5
156 233,2
156 234,6
233 286,3
157 286,7
