0 5
0 56
0 60
0 152
0 158
0 199
0 205
0 208
0 216
0 217
0 246
0 290
1 52
1 82
1 160
1 175
1 256
2 73
2 117
2 151
2 164
2 255
2 260
2 270
2 276
2 279
2 290
2 297
3 7
3 35
3 74
3 118
3 142
3 156
3 158
3 164
3 166
3 175
3 189
3 215
3 235
3 286
3 287
4 11
4 22
4 42
4 43
4 63
4 67
4 85
4 95
4 109
4 119
4 252
5 27
5 28
5 73
5 81
5 84
5 108
5 134
5 136
5 173
5 177
5 182
5 190
5 212
5 215
5 221
5 235
6 12
6 27
6 87
6 127
6 191
6 196
6 209
6 215
6 223
6 242
6 263
6 287
7 41
7 80
7 109
7 116
7 122
7 142
7 145
7 178
7 211
7 244
7 245
7 246
7 258
7 274
7 277
7 278
8 6
8 7
8 11
8 73
8 80
8 94
8 117
8 132
8 135
8 186
8 187
8 189
8 225
8 247
8 250
8 290
9 11
9 66
9 67
9 84
9 85
9 96
9 115
9 121
9 124
9 144
9 145
9 157
9 184
9 190
9 195
9 219
9 231
9 253
9 262
10 31
10 39
10 70
10 100
10 154
10 167
10 202
10 203
10 215
10 221
10 227
10 238
10 242
10 284
10 286
11 2
11 20
11 64
11 86
11 101
11 146
11 185
11 210
11 295
12 6
12 9
12 100
12 104
12 107
12 122
12 140
12 148
12 160
12 161
12 169
12 189
12 224
13 21
13 22
13 25
13 34
13 35
13 47
13 53
13 75
13 81
13 88
13 135
13 152
13 177
13 189
13 198
13 204
13 246
13 256
13 263
13 286
13 287
13 296
14 22
14 27
14 28
14 31
14 54
14 59
14 66
14 79
14 121
14 126
14 156
14 159
14 178
14 194
14 213
14 232
14 234
15 10
15 24
15 47
15 69
15 84
15 136
15 141
15 157
15 168
15 202
15 255
15 291
15 292
16 2
16 15
16 25
16 38
16 60
16 64
16 136
16 156
16 173
16 177
16 190
16 198
16 215
16 222
16 231
17 0
17 20
17 23
17 54
17 62
17 76
17 91
17 96
17 125
17 137
17 162
17 172
17 175
17 177
17 189
17 223
17 263
17 264
17 272
17 276
17 293
18 9
18 37
18 47
18 85
18 108
18 114
18 136
18 175
18 195
18 245
18 266
18 273
18 283
19 29
19 67
19 89
19 130
19 139
19 145
19 196
19 208
19 215
19 225
19 239
19 243
19 279
19 296
19 299
20 18
20 21
20 25
20 41
20 51
20 103
20 107
20 136
20 139
20 161
20 170
20 237
20 248
20 277
21 23
21 60
21 83
21 106
21 142
21 177
21 198
21 212
21 233
21 235
21 239
21 250
21 273
21 279
21 292
22 35
22 40
22 65
22 67
22 110
22 113
22 119
22 152
22 156
22 203
22 234
22 237
22 242
22 285
23 27
23 48
23 87
23 89
23 94
23 95
23 123
23 146
23 162
23 167
23 189
23 240
23 270
24 21
24 27
24 29
24 39
24 94
24 139
24 155
24 178
24 216
24 241
24 242
24 271
24 294
25 13
25 25
25 28
25 46
25 70
25 140
25 167
25 189
25 192
25 216
25 235
25 242
25 272
25 288
26 26
26 66
26 96
26 104
26 145
26 169
26 205
26 227
26 231
26 234
26 239
26 271
26 277
26 283
27 11
27 32
27 43
27 56
27 66
27 69
27 82
27 88
27 92
27 110
27 129
27 151
27 153
27 163
27 221
27 263
27 283
28 4
28 36
28 52
28 68
28 93
28 95
28 98
28 149
28 157
28 167
28 170
28 180
28 222
28 226
28 243
28 283
29 51
29 79
29 145
29 159
29 160
29 178
29 184
29 199
29 215
29 217
29 222
29 238
29 283
29 287
29 290
29 293
30 3
30 41
30 56
30 75
30 246
30 248
30 253
30 263
30 265
31 11
31 33
31 45
31 49
31 97
31 100
31 101
31 130
31 230
31 261
31 269
32 3
32 10
32 60
32 79
32 81
32 89
32 109
32 127
32 191
32 195
32 233
33 32
33 42
33 75
33 89
33 94
33 99
33 100
33 111
33 126
33 131
33 204
33 232
33 233
33 280
34 9
34 11
34 47
34 59
34 67
34 75
34 109
34 119
34 135
34 178
34 184
34 215
34 232
34 233
34 242
34 285
35 14
35 66
35 69
35 90
35 100
35 116
35 138
35 152
35 168
35 177
35 181
35 184
35 207
35 221
35 228
35 255
35 264
35 281
35 288
36 9
36 15
36 18
36 31
36 40
36 41
36 60
36 72
36 87
36 165
36 171
36 173
36 233
36 239
36 247
36 270
37 20
37 33
37 94
37 95
37 97
37 99
37 113
37 136
37 157
37 187
37 213
37 231
37 234
38 15
38 35
38 50
38 52
38 63
38 76
38 112
38 143
38 145
38 156
38 174
38 182
38 195
38 197
38 199
38 202
38 215
38 226
38 288
39 5
39 24
39 69
39 74
39 83
39 124
39 129
39 137
39 142
39 159
39 199
39 200
39 234
39 247
39 254
39 273
39 287
40 17
40 23
40 31
40 44
40 54
40 64
40 71
40 84
40 163
40 185
40 188
40 197
40 236
40 257
40 273
40 282
41 4
41 6
41 13
41 28
41 44
41 45
41 67
41 74
41 78
41 121
41 139
41 142
41 150
41 163
41 182
41 201
41 225
41 233
41 265
41 274
41 281
42 29
42 73
42 74
42 85
42 100
42 117
42 119
42 131
42 141
42 183
42 195
42 211
42 215
42 218
42 255
42 265
42 283
43 1
43 11
43 26
43 31
43 42
43 81
43 85
43 91
43 98
43 100
43 113
43 119
43 145
43 155
43 176
43 189
43 223
43 273
43 286
44 19
44 29
44 50
44 80
44 97
44 98
44 122
44 137
44 138
44 141
44 154
44 173
44 186
44 203
44 225
44 250
44 257
45 60
45 90
45 106
45 158
45 195
45 205
45 247
45 264
46 8
46 12
46 24
46 30
46 34
46 42
46 75
46 80
46 137
46 158
46 160
46 163
46 202
46 216
46 221
46 237
46 238
46 252
46 273
47 20
47 24
47 46
47 82
47 88
47 100
47 121
47 171
47 176
47 193
47 222
47 229
47 246
47 260
47 288
48 66
48 75
48 95
48 103
48 106
48 114
48 124
48 142
48 156
48 162
48 171
48 193
48 199
48 205
48 211
48 214
48 228
48 260
48 263
48 296
49 1
49 37
49 49
49 52
49 64
49 81
49 85
49 116
49 120
49 203
49 219
49 224
49 238
49 240
49 269
50 2
50 15
50 30
50 45
50 47
50 60
50 64
50 89
50 95
50 117
50 122
50 128
50 172
50 176
50 202
50 210
50 214
50 233
50 236
50 281
51 1
51 9
51 50
51 83
51 94
51 135
51 160
51 182
51 184
51 198
51 210
51 213
51 216
51 261
51 281
51 292
52 43
52 61
52 147
52 213
52 248
52 260
52 265
52 283
53 52
53 63
53 68
53 84
53 92
53 100
53 158
53 179
53 185
53 217
53 225
53 234
53 236
53 248
53 258
53 280
54 10
54 12
54 34
54 112
54 125
54 132
54 169
54 215
54 218
54 232
54 259
55 0
55 23
55 33
55 56
55 69
55 83
55 86
55 109
55 145
55 147
55 149
55 213
55 226
55 227
55 228
55 240
55 253
55 256
55 261
55 299
56 59
56 66
56 68
56 69
56 78
56 80
56 89
56 97
56 136
56 152
56 159
56 222
56 236
56 241
56 266
56 283
56 294
56 295
57 7
57 18
57 19
57 32
57 56
57 58
57 74
57 78
57 99
57 101
57 149
57 171
57 191
57 203
57 208
57 259
58 23
58 40
58 73
58 79
58 91
58 130
58 145
58 156
58 164
58 183
58 185
58 192
58 245
58 252
58 268
58 274
59 54
59 119
59 129
59 139
59 167
59 184
59 193
59 197
59 259
59 264
59 269
60 11
60 39
60 58
60 63
60 85
60 91
60 115
60 127
60 141
60 232
60 233
60 268
60 291
61 17
61 28
61 55
61 82
61 105
61 108
61 111
61 117
61 179
61 207
61 217
61 219
61 242
62 60
62 84
62 121
62 137
62 146
62 154
62 177
62 179
62 187
62 203
62 267
62 278
62 288
63 15
63 26
63 49
63 78
63 89
63 91
63 125
63 129
63 150
63 157
63 172
63 182
63 200
63 213
63 221
63 244
63 249
63 267
63 270
63 276
63 287
63 296
64 9
64 20
64 57
64 76
64 86
64 107
64 118
64 120
64 142
64 148
64 172
64 189
64 197
64 202
64 245
64 246
64 260
64 262
64 296
65 3
65 25
65 26
65 32
65 49
65 62
65 90
65 190
65 192
65 196
65 248
65 262
65 272
65 291
66 2
66 25
66 105
66 108
66 122
66 139
66 157
66 163
66 168
66 208
66 228
66 276
66 278
66 284
66 295
67 41
67 43
67 48
67 50
67 83
67 106
67 162
67 194
67 214
67 218
67 234
67 237
67 249
67 256
67 257
67 262
67 266
67 286
67 290
67 292
68 16
68 39
68 49
68 79
68 163
68 204
68 225
68 227
68 228
68 249
68 270
68 289
68 291
69 70
69 80
69 104
69 113
69 145
69 179
69 225
69 232
69 246
69 251
70 3
70 11
70 40
70 46
70 123
70 139
70 161
70 212
70 258
70 282
70 284
71 16
71 46
71 58
71 124
71 128
71 130
71 149
71 161
71 169
71 173
71 176
71 186
71 201
71 224
71 234
71 245
71 249
71 250
71 255
71 257
72 1
72 6
72 14
72 38
72 49
72 61
72 74
72 83
72 109
72 131
72 134
72 147
72 158
72 216
72 218
72 223
72 236
73 36
73 47
73 58
73 141
73 150
73 182
73 225
73 241
73 244
73 296
74 19
74 54
74 61
74 76
74 119
74 136
74 138
74 145
74 149
74 160
74 171
74 173
74 178
74 208
74 210
74 222
74 235
74 293
74 297
75 11
75 13
75 45
75 61
75 106
75 132
75 138
75 212
75 213
75 226
75 292
76 38
76 47
76 55
76 74
76 79
76 100
76 121
76 131
76 158
76 175
76 197
76 200
76 210
76 227
76 231
76 253
77 6
77 53
77 142
77 145
77 148
77 183
77 193
77 200
77 235
77 298
78 3
78 4
78 6
78 14
78 15
78 26
78 65
78 79
78 88
78 105
78 112
78 126
78 141
78 148
78 154
78 177
78 184
78 197
78 199
78 215
78 229
78 281
78 297
79 3
79 6
79 18
79 22
79 37
79 92
79 97
79 135
79 143
79 172
79 175
79 226
79 233
79 239
79 247
79 251
79 279
79 294
80 57
80 92
80 184
80 185
80 196
80 207
80 217
80 232
81 0
81 11
81 32
81 38
81 66
81 97
81 122
81 128
81 159
81 162
81 227
81 237
81 257
82 12
82 31
82 40
82 56
82 63
82 103
82 112
82 144
82 155
82 178
82 202
82 203
82 290
83 2
83 38
83 39
83 42
83 48
83 58
83 161
83 171
83 180
83 196
83 203
83 209
83 216
83 230
83 265
83 273
83 288
83 294
84 1
84 3
84 5
84 45
84 56
84 97
84 98
84 101
84 108
84 146
84 163
84 172
84 181
84 187
84 194
84 205
84 255
84 259
84 269
84 280
84 286
85 24
85 34
85 39
85 40
85 116
85 129
85 152
85 171
85 196
85 217
85 218
85 226
85 229
85 252
86 38
86 76
86 85
86 101
86 147
86 152
86 191
86 200
86 283
86 284
86 285
87 42
87 74
87 119
87 126
87 134
87 162
87 190
87 206
87 217
87 261
87 279
88 28
88 53
88 87
88 98
88 104
88 112
88 168
88 261
88 283
89 9
89 56
89 62
89 97
89 106
89 114
89 125
89 154
89 158
89 209
89 234
89 270
90 2
90 21
90 46
90 50
90 51
90 73
90 79
90 114
90 115
90 119
90 198
90 209
90 215
90 230
90 235
90 254
90 271
91 7
91 56
91 57
91 79
91 87
91 101
91 134
91 159
91 160
91 187
91 219
91 244
91 277
91 280
91 287
92 42
92 113
92 121
92 172
92 174
92 215
92 227
92 247
92 296
92 297
93 0
93 17
93 32
93 78
93 86
93 121
93 138
93 143
93 152
93 185
93 216
93 222
93 242
93 285
94 12
94 28
94 32
94 34
94 55
94 82
94 170
94 174
94 178
94 197
94 222
94 260
94 268
94 295
95 6
95 18
95 34
95 37
95 44
95 53
95 114
95 117
95 130
95 180
95 196
95 217
95 243
95 280
96 23
96 33
96 34
96 63
96 103
96 124
96 157
96 196
96 213
96 258
97 82
97 101
97 102
97 131
97 138
97 147
97 160
97 168
97 174
97 190
97 199
97 213
97 223
97 257
98 1
98 37
98 44
98 64
98 79
98 129
98 141
98 145
98 183
99 35
99 49
99 50
99 57
99 63
99 89
99 100
99 107
99 113
99 115
99 165
99 182
99 205
99 251
99 269
99 295
99 296
100 8
100 27
100 33
100 53
100 58
100 66
100 82
100 131
100 141
100 157
100 177
100 182
100 196
100 204
100 212
100 238
100 253
101 25
101 39
101 60
101 90
101 119
101 124
101 161
101 176
101 278
101 288
101 296
102 0
102 2
102 21
102 40
102 63
102 94
102 133
102 135
102 145
102 181
102 196
102 225
102 247
102 253
102 255
102 266
103 51
103 83
103 84
103 86
103 95
103 144
103 163
103 178
103 191
103 192
103 215
103 246
103 264
104 3
104 8
104 106
104 169
104 192
104 228
104 231
104 238
104 247
104 250
104 260
104 273
104 284
104 294
105 33
105 37
105 58
105 115
105 164
105 165
105 190
105 202
105 211
105 236
105 244
105 269
105 277
105 279
105 283
106 13
106 31
106 37
106 72
106 91
106 105
106 145
106 146
106 147
106 154
106 191
106 194
106 197
106 212
106 253
107 6
107 14
107 35
107 110
107 131
107 174
107 218
107 254
107 264
107 273
107 290
108 70
108 102
108 131
108 134
108 161
108 214
108 235
108 250
109 11
109 19
109 30
109 34
109 48
109 83
109 101
109 122
109 143
109 160
109 190
109 210
109 212
109 234
109 288
109 295
110 6
110 35
110 43
110 48
110 57
110 72
110 96
110 122
110 146
110 181
110 187
110 194
110 236
110 241
110 257
111 12
111 18
111 57
111 81
111 83
111 85
111 96
111 116
111 143
111 174
111 198
111 206
111 229
111 259
111 281
111 292
111 298
112 6
112 11
112 62
112 92
112 94
112 130
112 150
112 174
112 196
112 202
112 226
112 266
112 271
112 292
113 81
113 107
113 122
113 153
113 159
113 163
113 166
113 176
113 179
113 193
113 204
113 210
114 58
114 70
114 81
114 105
114 107
114 120
114 137
114 160
114 174
114 192
114 199
114 236
114 244
114 249
114 259
114 271
115 1
115 7
115 16
115 42
115 45
115 70
115 85
115 123
115 185
115 191
115 214
115 216
115 231
115 232
115 233
115 240
115 252
115 299
116 2
116 5
116 13
116 55
116 60
116 83
116 94
116 121
116 139
116 155
116 189
116 238
116 252
117 28
117 34
117 35
117 39
117 58
117 92
117 93
117 116
117 119
117 133
117 139
117 148
117 160
117 178
117 179
117 181
117 184
117 186
117 197
117 199
117 222
117 236
117 245
117 257
117 267
118 2
118 25
118 39
118 85
118 98
118 129
118 137
118 150
118 152
118 171
118 177
118 197
118 275
118 295
119 20
119 25
119 36
119 37
119 56
119 89
119 104
119 126
119 131
119 139
119 177
119 195
119 203
119 205
119 243
119 249
119 254
119 271
119 289
120 29
120 44
120 73
120 86
120 90
120 100
120 129
120 133
120 173
120 194
120 259
120 262
120 298
121 14
121 16
121 28
121 72
121 84
121 86
121 98
121 125
121 130
121 157
121 161
121 171
121 222
121 230
121 255
121 261
121 265
121 269
121 287
122 9
122 51
122 92
122 112
122 140
122 154
122 190
122 249
122 287
123 31
123 79
123 105
123 125
123 145
123 168
123 191
123 207
123 219
123 225
123 226
123 252
123 272
123 275
123 285
124 2
124 11
124 13
124 23
124 67
124 81
124 85
124 91
124 92
124 116
124 155
124 163
124 184
124 207
124 220
124 261
124 262
124 263
124 293
124 295
125 0
125 41
125 68
125 121
125 130
125 140
125 155
125 168
125 198
125 224
125 231
125 235
125 248
125 260
125 267
125 279
125 282
125 298
126 10
126 47
126 57
126 59
126 79
126 102
126 117
126 122
126 125
126 149
126 182
126 195
126 218
126 255
126 256
126 259
126 269
126 276
126 282
127 27
127 47
127 86
127 94
127 134
127 156
127 181
127 185
127 208
127 217
127 234
127 270
127 279
128 23
128 40
128 52
128 73
128 79
128 94
128 106
128 109
128 148
128 221
128 234
128 253
129 9
129 16
129 64
129 137
129 158
129 159
129 164
129 173
129 177
129 185
129 198
129 220
129 233
129 282
130 1
130 30
130 48
130 54
130 154
130 187
130 205
130 213
130 234
130 251
130 271
130 274
131 34
131 55
131 144
131 148
131 160
131 165
131 172
131 204
131 225
131 279
131 288
132 10
132 85
132 104
132 144
132 153
132 158
132 169
132 174
132 185
132 207
132 212
132 224
132 253
132 271
132 275
132 284
132 288
132 293
133 99
133 104
133 122
133 156
133 171
133 208
133 231
133 249
133 268
134 0
134 7
134 16
134 22
134 25
134 27
134 58
134 77
134 104
134 121
134 133
134 157
134 209
134 234
134 286
134 293
135 34
135 47
135 53
135 74
135 86
135 96
135 107
135 109
135 124
135 146
135 223
135 272
135 283
136 18
136 26
136 58
136 63
136 70
136 88
136 95
136 108
136 140
136 149
136 157
136 209
136 234
136 251
136 278
136 281
137 7
137 17
137 68
137 69
137 77
137 126
137 167
137 170
137 172
137 182
137 207
137 214
138 1
138 18
138 23
138 27
138 35
138 56
138 75
138 88
138 108
138 135
138 136
138 144
138 181
138 186
138 198
138 241
138 281
139 57
139 94
139 95
139 108
139 121
139 126
139 153
139 188
139 254
139 256
139 258
139 261
139 284
139 289
139 295
140 35
140 42
140 45
140 70
140 79
140 87
140 117
140 129
140 134
140 243
140 255
140 260
140 266
141 8
141 13
141 43
141 62
141 71
141 75
141 97
141 113
141 174
141 226
141 251
141 268
141 282
142 2
142 4
142 49
142 53
142 109
142 120
142 127
142 132
142 135
142 139
142 175
142 190
142 205
142 248
143 7
143 10
143 21
143 36
143 65
143 67
143 72
143 82
143 96
143 98
143 100
143 128
143 152
143 194
143 208
143 225
143 279
143 297
144 88
144 124
144 148
144 185
144 204
144 213
145 25
145 38
145 86
145 105
145 111
145 116
145 149
145 168
145 270
145 279
146 9
146 19
146 37
146 44
146 51
146 89
146 116
146 121
146 154
146 157
146 185
146 201
146 207
146 240
146 242
146 252
146 253
146 274
146 298
147 11
147 27
147 48
147 74
147 102
147 126
147 128
147 130
147 159
147 192
147 208
147 213
147 214
147 220
147 224
147 232
147 240
147 249
147 295
148 89
148 90
148 102
148 103
148 114
148 118
148 146
148 151
148 165
148 168
148 173
148 232
148 236
148 256
148 260
148 287
149 2
149 25
149 69
149 82
149 83
149 94
149 96
149 106
149 119
149 123
149 224
149 262
149 270
149 275
150 5
150 9
150 31
150 43
150 118
150 159
150 160
150 161
150 163
150 166
150 167
150 195
150 216
150 221
150 232
150 241
150 246
150 251
150 267
150 271
150 272
150 289
150 295
151 0
151 4
151 12
151 22
151 24
151 68
151 109
151 128
151 144
151 162
151 180
151 181
151 223
151 236
151 260
152 5
152 19
152 36
152 58
152 88
152 136
152 230
152 268
152 269
152 270
152 271
152 273
153 28
153 42
153 70
153 85
153 97
153 113
153 118
153 128
153 148
153 162
153 176
153 177
153 188
153 189
153 196
153 219
153 226
153 248
153 291
154 20
154 30
154 46
154 50
154 70
154 85
154 89
154 98
154 100
154 101
154 124
154 130
154 148
154 157
154 163
154 165
154 167
154 190
154 193
154 203
154 207
154 208
154 231
154 242
154 288
154 298
155 12
155 31
155 49
155 68
155 95
155 104
155 112
155 139
155 141
155 148
155 152
155 162
155 235
155 250
155 285
156 9
156 17
156 28
156 40
156 62
156 74
156 85
156 98
156 127
156 136
156 145
156 186
156 187
156 198
156 269
156 288
157 19
157 48
157 62
157 75
157 100
157 184
157 187
157 217
157 272
157 299
158 28
158 62
158 70
158 83
158 97
158 134
158 139
158 169
158 201
158 204
158 262
158 264
159 27
159 136
159 138
159 175
159 183
159 218
159 236
159 256
159 261
159 269
160 52
160 72
160 98
160 141
160 177
160 218
161 1
161 14
161 22
161 23
161 27
161 53
161 74
161 85
161 101
161 105
161 110
161 119
161 125
161 131
161 136
161 143
161 229
162 133
162 135
162 156
162 164
162 182
162 194
162 199
162 209
162 236
162 247
162 257
162 262
162 280
163 29
163 32
163 43
163 57
163 118
163 123
163 146
163 150
163 198
163 212
163 251
163 264
163 272
163 281
164 6
164 22
164 29
164 44
164 72
164 138
164 150
164 152
164 163
164 166
164 182
164 294
165 61
165 103
165 104
165 122
165 139
165 142
165 147
165 152
165 158
165 161
165 168
165 211
165 249
165 256
165 258
165 266
165 275
166 7
166 31
166 68
166 72
166 80
166 81
166 84
166 88
166 131
166 137
166 138
166 148
166 156
166 157
166 161
166 162
166 213
166 225
166 264
166 270
166 297
167 8
167 21
167 35
167 51
167 60
167 77
167 84
167 98
167 111
167 124
167 130
167 139
167 171
167 181
167 201
167 209
167 226
167 231
167 260
167 268
167 294
167 296
168 53
168 71
168 81
168 107
168 109
168 129
168 132
168 149
168 184
168 236
168 252
168 257
168 263
168 268
169 3
169 11
169 47
169 52
169 134
169 174
169 190
169 192
169 223
169 230
169 235
169 237
169 242
169 243
169 297
170 51
170 87
170 116
170 137
170 138
170 156
170 170
170 179
170 187
170 191
170 207
170 241
170 276
170 284
171 22
171 47
171 71
171 77
171 96
171 112
171 134
171 135
171 150
171 206
171 278
172 24
172 32
172 51
172 92
172 108
172 121
172 122
172 133
172 146
172 234
172 239
173 2
173 42
173 54
173 61
173 67
173 70
173 102
173 116
173 138
173 159
173 166
173 177
173 185
173 213
173 245
173 256
173 275
173 291
174 8
174 110
174 123
174 135
174 149
174 173
174 176
174 243
174 292
175 2
175 3
175 15
175 28
175 31
175 70
175 89
175 95
175 130
175 148
175 160
175 206
175 211
175 230
175 233
175 261
175 262
175 264
175 266
176 29
176 34
176 42
176 52
176 66
176 78
176 86
176 108
176 122
176 126
176 168
176 200
176 219
176 237
176 252
176 267
176 283
176 290
177 3
177 9
177 15
177 16
177 32
177 47
177 50
177 53
177 65
177 78
177 80
177 82
177 107
177 135
177 145
177 182
177 239
177 271
177 274
178 12
178 80
178 113
178 153
178 166
178 168
178 196
178 249
178 254
178 257
178 283
178 296
179 12
179 17
179 42
179 61
179 66
179 71
179 73
179 86
179 110
179 112
179 172
179 180
179 189
179 198
179 219
179 252
179 256
179 265
179 270
179 277
179 285
179 292
179 295
180 45
180 67
180 69
180 133
180 138
180 171
180 176
180 192
180 201
180 279
180 286
180 287
180 290
181 19
181 26
181 34
181 43
181 83
181 152
181 161
181 172
181 174
181 184
181 186
181 189
181 210
181 218
181 247
181 251
181 266
181 267
182 0
182 4
182 41
182 77
182 82
182 89
182 94
182 96
182 129
182 135
182 147
182 235
182 275
182 285
183 29
183 56
183 75
183 105
183 129
183 140
183 146
183 181
183 201
183 204
183 227
183 228
183 274
183 298
184 27
184 73
184 74
184 81
184 88
184 105
184 131
184 154
184 170
184 180
184 191
184 193
184 231
184 238
184 290
185 71
185 82
185 83
185 129
185 151
185 178
185 184
185 190
185 197
185 211
185 230
185 278
185 280
185 297
186 46
186 52
186 54
186 64
186 65
186 107
186 180
186 189
186 190
186 194
186 245
186 290
187 1
187 89
187 94
187 120
187 127
187 147
187 170
187 183
187 192
187 193
187 226
187 234
187 241
187 243
187 273
187 294
188 7
188 17
188 39
188 74
188 78
188 81
188 155
188 193
188 222
188 243
188 255
189 12
189 19
189 35
189 80
189 81
189 140
189 145
189 154
189 159
189 174
189 178
189 252
189 276
189 281
189 292
189 296
190 49
190 92
190 93
190 172
190 173
190 215
190 223
190 225
190 227
190 269
190 275
190 282
191 2
191 40
191 61
191 90
191 131
191 150
191 162
191 186
191 219
191 222
191 227
191 231
191 288
191 291
192 30
192 48
192 61
192 63
192 109
192 193
192 218
192 222
192 232
192 267
192 278
192 279
192 286
193 25
193 27
193 71
193 84
193 119
193 123
193 126
193 142
193 150
193 177
193 234
193 241
193 261
194 39
194 98
194 104
194 122
194 124
194 161
194 164
194 169
194 221
194 252
194 279
195 26
195 30
195 42
195 56
195 59
195 80
195 89
195 104
195 110
195 132
195 136
195 147
195 165
195 169
195 170
195 172
195 220
195 230
195 243
195 253
195 271
195 285
195 295
195 297
196 31
196 47
196 51
196 61
196 93
196 113
196 116
196 208
196 220
196 251
196 263
196 280
196 281
196 295
197 11
197 22
197 74
197 92
197 115
197 146
197 156
197 172
197 180
197 187
197 192
197 203
197 231
197 251
197 283
197 299
198 39
198 77
198 83
198 96
198 100
198 131
198 199
198 202
198 209
198 219
198 236
198 245
198 282
199 9
199 21
199 40
199 73
199 92
199 124
199 143
199 155
199 168
199 185
199 194
199 196
199 216
199 243
199 244
199 254
199 258
199 263
199 272
199 275
199 278
200 12
200 22
200 28
200 47
200 48
200 53
200 60
200 105
200 119
200 167
200 194
200 200
200 205
200 226
200 239
200 251
200 280
200 291
201 54
201 62
201 74
201 75
201 97
201 122
201 177
201 212
201 215
201 274
201 276
201 298
202 68
202 142
202 230
202 248
202 264
202 282
202 284
202 295
203 28
203 29
203 35
203 43
203 109
203 114
203 123
203 136
203 153
203 222
203 240
203 263
204 1
204 7
204 12
204 40
204 69
204 72
204 73
204 109
204 140
204 154
204 235
204 243
204 274
204 275
204 281
205 12
205 19
205 31
205 76
205 133
205 153
205 169
205 178
205 207
205 216
205 250
205 279
205 288
205 290
206 7
206 19
206 49
206 62
206 84
206 97
206 127
206 185
206 249
206 272
206 286
207 5
207 9
207 10
207 11
207 20
207 34
207 45
207 61
207 142
207 184
207 222
207 242
207 253
208 9
208 49
208 83
208 134
208 137
208 159
208 205
208 233
208 236
208 248
208 254
208 270
208 276
208 283
209 9
209 15
209 18
209 31
209 49
209 71
209 89
209 110
209 116
209 126
209 136
209 150
209 153
209 185
209 210
209 223
209 236
209 243
209 262
209 291
210 1
210 13
210 16
210 30
210 44
210 66
210 77
210 83
210 108
210 126
210 149
210 172
211 8
211 54
211 83
211 127
211 137
211 150
211 187
211 188
211 208
211 229
211 235
211 257
211 267
211 272
211 282
211 292
212 23
212 44
212 68
212 100
212 148
212 159
212 168
212 246
212 249
212 269
212 272
212 278
213 26
213 72
213 79
213 86
213 93
213 109
213 126
213 135
213 147
213 158
213 162
213 195
213 209
213 243
213 253
213 262
213 279
213 280
213 297
214 40
214 75
214 82
214 86
214 90
214 128
214 131
214 134
214 151
214 158
214 178
214 185
214 207
214 224
214 251
214 252
214 288
214 299
215 5
215 13
215 37
215 56
215 62
215 65
215 99
215 109
215 126
215 130
215 179
215 195
215 196
215 217
215 223
215 251
215 267
215 276
215 283
216 5
216 12
216 58
216 71
216 85
216 92
216 124
216 158
216 181
216 184
216 196
216 214
216 225
216 232
216 235
216 250
216 251
216 258
216 260
217 20
217 44
217 65
217 82
217 94
217 102
217 114
217 138
217 148
217 182
217 230
217 231
217 235
217 287
217 291
218 16
218 18
218 36
218 94
218 99
218 156
218 166
218 197
218 203
218 207
218 251
218 287
218 299
219 94
219 97
219 167
219 214
219 239
219 252
220 28
220 30
220 33
220 38
220 64
220 66
220 151
220 161
220 239
220 292
221 2
221 43
221 49
221 84
221 103
221 112
221 173
221 231
221 292
222 8
222 22
222 24
222 38
222 48
222 73
222 126
222 188
222 211
222 212
222 238
222 277
222 280
223 25
223 42
223 52
223 84
223 117
223 138
223 164
223 233
224 3
224 6
224 14
224 69
224 74
224 134
224 179
224 185
224 215
224 234
224 241
224 257
224 287
224 297
225 11
225 18
225 23
225 29
225 41
225 50
225 120
225 136
225 155
225 176
225 224
225 230
225 232
225 252
225 279
225 291
225 292
226 28
226 46
226 66
226 75
226 80
226 94
226 103
226 143
226 177
226 196
226 210
226 248
226 266
226 277
226 283
227 12
227 19
227 32
227 53
227 57
227 88
227 119
227 150
227 171
227 174
227 204
227 211
227 212
227 245
227 260
227 261
227 277
227 284
228 19
228 45
228 59
228 86
228 97
228 117
228 166
228 192
228 196
228 200
228 216
228 235
228 236
229 46
229 81
229 90
229 102
229 130
229 159
229 162
229 164
229 169
229 174
229 176
229 190
229 257
229 282
230 54
230 59
230 67
230 69
230 94
230 97
230 128
230 177
230 200
230 226
230 274
230 296
231 21
231 28
231 40
231 60
231 132
231 138
231 152
231 158
231 192
231 212
231 293
232 52
232 59
232 111
232 119
232 173
232 204
232 224
232 285
232 292
233 17
233 53
233 63
233 67
233 73
233 120
233 130
233 159
233 228
233 263
233 276
234 9
234 12
234 29
234 40
234 42
234 46
234 58
234 65
234 67
234 70
234 123
234 177
234 179
234 189
234 205
234 209
234 243
235 0
235 23
235 38
235 41
235 44
235 57
235 144
235 145
235 186
235 188
235 203
235 210
235 281
235 287
235 294
236 7
236 70
236 71
236 72
236 81
236 130
236 132
236 136
236 162
236 173
236 182
236 220
236 223
236 266
237 27
237 65
237 125
237 133
237 146
237 148
237 155
237 173
237 192
237 195
237 203
237 259
237 268
237 291
238 29
238 69
238 88
238 102
238 152
238 159
238 191
238 199
238 204
238 217
238 224
238 225
238 227
239 1
239 11
239 44
239 66
239 124
239 126
239 135
239 178
239 182
239 183
239 218
239 234
239 247
239 298
240 7
240 33
240 71
240 87
240 132
240 205
240 234
240 244
240 268
240 281
240 290
241 91
241 159
241 184
241 188
241 243
241 247
241 272
241 278
241 281
242 31
242 43
242 44
242 99
242 109
242 153
242 170
242 178
242 219
242 221
242 262
243 3
243 33
243 62
243 91
243 96
243 108
243 121
243 136
243 176
243 183
243 185
243 190
243 192
243 195
243 219
243 224
243 257
244 55
244 73
244 124
244 179
244 185
244 221
244 222
244 297
245 4
245 26
245 33
245 37
245 38
245 67
245 91
245 99
245 120
245 152
245 188
245 205
246 16
246 23
246 29
246 72
246 119
246 176
246 180
246 204
246 254
246 279
247 2
247 84
247 103
247 116
247 128
247 148
247 157
247 173
247 183
247 199
247 219
247 264
247 298
248 7
248 8
248 109
248 133
248 139
248 141
248 154
248 160
248 161
248 220
248 242
249 0
249 15
249 26
249 37
249 49
249 92
249 105
249 130
249 179
249 228
249 229
249 251
249 262
250 5
250 16
250 19
250 39
250 52
250 62
250 113
250 131
250 145
250 151
250 152
250 175
250 188
250 191
250 239
250 243
250 257
250 268
250 287
251 0
251 11
251 26
251 60
251 75
251 84
251 131
251 154
251 189
251 202
251 219
251 253
251 270
251 295
252 29
252 81
252 101
252 106
252 120
252 129
252 135
252 146
252 150
252 152
252 174
252 187
252 203
252 220
252 233
252 236
253 16
253 46
253 49
253 51
253 55
253 62
253 63
253 89
253 136
253 159
253 160
253 163
253 182
253 193
253 228
253 294
254 10
254 24
254 88
254 89
254 129
254 172
254 177
254 210
254 249
254 252
255 8
255 29
255 49
255 53
255 56
255 69
255 193
255 198
255 210
255 258
256 1
256 19
256 38
256 92
256 196
256 225
256 252
256 274
256 296
257 31
257 68
257 122
257 156
257 170
257 194
257 229
257 289
258 24
258 56
258 107
258 128
258 141
258 165
258 172
258 189
258 215
258 218
258 263
258 276
258 290
258 295
259 15
259 17
259 61
259 86
259 99
259 116
259 126
259 190
259 208
259 225
259 233
259 239
259 248
259 252
259 286
260 19
260 64
260 85
260 126
260 166
260 173
260 187
260 198
260 234
260 262
260 270
260 281
260 283
260 297
261 5
261 13
261 17
261 49
261 67
261 98
261 103
261 149
261 151
261 195
261 215
261 221
261 250
261 252
261 258
261 282
262 20
262 34
262 104
262 113
262 117
262 126
262 133
262 136
262 181
262 182
262 183
262 185
262 188
262 252
262 275
262 280
262 288
263 1
263 3
263 7
263 41
263 65
263 87
263 93
263 103
263 104
263 116
263 123
263 126
263 175
263 191
263 211
263 246
264 57
264 60
264 64
264 78
264 90
264 96
264 144
264 156
264 168
264 182
264 205
264 226
264 289
265 11
265 13
265 33
265 55
265 79
265 90
265 124
265 127
265 128
265 165
265 169
265 218
265 220
265 247
265 250
265 256
265 273
266 39
266 110
266 128
266 150
266 152
266 167
266 171
266 189
266 218
266 273
266 285
266 291
267 17
267 18
267 59
267 90
267 135
267 159
267 187
267 189
267 201
267 203
267 219
267 226
267 236
267 239
267 276
268 2
268 12
268 17
268 84
268 89
268 99
268 134
268 144
268 147
268 162
268 169
268 205
268 211
268 213
269 26
269 36
269 42
269 43
269 51
269 62
269 79
269 120
269 125
269 132
269 134
269 135
269 161
269 180
269 183
269 206
269 207
269 234
269 242
269 265
269 299
270 2
270 55
270 75
270 112
270 162
270 173
270 179
270 195
270 212
270 216
270 219
270 223
270 238
270 245
270 247
270 265
270 287
270 299
271 21
271 27
271 63
271 76
271 77
271 79
271 93
271 108
271 111
271 115
271 153
271 157
271 175
271 192
271 220
271 230
271 254
272 4
272 9
272 20
272 48
272 52
272 69
272 91
272 103
272 145
272 164
272 171
272 182
272 200
272 235
272 250
272 254
272 281
272 293
273 16
273 25
273 33
273 54
273 75
273 80
273 92
273 112
273 125
273 129
273 140
273 154
273 156
273 160
273 178
273 194
273 233
273 254
273 258
273 283
274 18
274 82
274 88
274 91
274 118
274 146
274 152
274 179
274 185
274 201
274 213
274 247
274 272
274 275
274 297
275 44
275 71
275 75
275 76
275 87
275 110
275 121
275 168
275 203
275 297
276 19
276 20
276 36
276 46
276 111
276 123
276 199
276 204
276 248
276 252
276 289
277 29
277 32
277 85
277 86
277 98
277 157
277 160
277 218
277 232
277 266
277 274
277 285
277 296
278 43
278 69
278 94
278 110
278 111
278 113
278 128
278 129
278 135
278 155
278 184
278 186
278 209
278 257
278 269
279 51
279 67
279 70
279 98
279 104
279 123
279 152
279 246
279 273
279 291
280 12
280 52
280 53
280 112
280 134
280 165
280 173
280 187
280 190
280 204
280 224
280 259
280 299
281 18
281 27
281 67
281 70
281 96
281 106
281 143
281 147
281 162
281 175
281 183
281 185
281 211
281 212
281 230
281 242
281 243
281 248
281 265
281 278
282 6
282 20
282 27
282 65
282 91
282 126
282 127
282 183
282 189
282 199
282 226
282 253
282 257
283 6
283 50
283 69
283 76
283 90
283 106
283 116
283 141
283 164
283 171
283 198
283 200
283 213
283 225
283 293
284 11
284 24
284 44
284 60
284 71
284 79
284 90
284 114
284 148
284 155
284 157
284 166
284 215
284 225
284 239
284 259
284 282
285 18
285 29
285 36
285 48
285 76
285 82
285 90
285 92
285 93
285 107
285 108
285 120
285 122
285 155
285 171
285 197
285 217
285 227
285 243
285 247
285 286
286 22
286 51
286 87
286 146
286 165
286 180
286 194
286 207
286 212
286 223
286 242
286 282
287 5
287 9
287 34
287 75
287 85
287 110
287 141
287 148
287 150
287 166
287 170
287 174
287 182
287 194
287 196
287 197
287 223
287 248
287 277
287 299
288 5
288 18
288 25
288 48
288 51
288 84
288 105
288 110
288 173
288 182
288 184
288 197
288 227
288 264
288 281
289 18
289 51
289 58
289 95
289 140
289 163
289 185
289 194
289 237
289 253
290 2
290 51
290 63
290 76
290 77
290 80
290 82
290 90
290 119
290 136
290 140
290 151
290 157
290 187
290 188
290 190
290 194
290 206
290 229
290 237
290 257
290 288
290 296
291 5
291 34
291 55
291 102
291 117
291 120
291 135
291 205
291 207
291 213
291 220
291 221
291 234
291 256
291 264
291 267
291 269
292 12
292 61
292 76
292 78
292 103
292 146
292 148
292 190
292 195
292 211
292 216
292 217
292 222
292 227
293 18
293 44
293 47
293 68
293 79
293 88
293 128
293 136
293 183
293 206
293 210
293 214
293 218
293 242
293 260
293 265
293 269
294 80
294 128
294 152
294 158
294 196
294 210
294 238
294 255
294 262
295 7
295 10
295 48
295 67
295 71
295 74
295 75
295 90
295 95
295 103
295 158
295 162
295 163
295 172
295 189
295 200
295 208
295 228
295 266
296 4
296 59
296 61
296 62
296 76
296 107
296 113
296 127
296 151
296 154
296 197
296 229
296 239
296 250
296 275
297 12
297 30
297 53
297 66
297 82
297 87
297 155
297 172
297 182
297 185
297 186
297 191
297 199
297 200
297 226
297 237
297 256
297 272
297 285
297 287
297 290
298 0
298 37
298 68
298 82
298 102
298 121
298 123
298 156
298 225
298 241
298 253
298 254
298 256
298 264
298 273
298 297
299 23
299 29
299 55
299 56
299 68
299 96
299 108
299 109
299 151
299 181
299 191
299 193
299 195
299 216
299 226
299 246
299 289
