0 0.08766627789129722
1 0.23535373032582088
2 0.0794205531528662
3 0.0635244481487088
4 0.13598698043230892
5 0.027887312581832822
6 0.065734976461331
7 0.24951608516614446
8 0.08390662792185061
9 0.13002350804987475
10 0.18546452913485015
11 0.05328457619914522
12 0.00795533718851973
13 0.2963847482460074
14 0.07413509790202624
15 0.08383688773782072
16 0.04810735298037028
17 0.06335794882921457
18 0.12267302533955235
19 0.236162926982692
20 0.08636054146967805
21 0.24925919383103629
22 0.11234291058278588
23 0.11376949063834241
24 0.2935053378733297
25 0.13423099080963155
26 0.23020008310322193
27 0.15262622260878878
28 0.14154383537826967
29 0.19700020801756218
30 0.14146012750400033
31 0.2122003332231269
32 0.2954408072670972
33 0.1265978869020826
34 0.22292792472736
35 0.03140033295591251
36 0
37 0.02611555653438077
38 0
39 0.11850855727897693
40 0.19625447848587235
41 0.28286497712381803
42 0.07250070660675524
43 0.2257031554800057
44 0.2950457264171286
45 0.2522347323350286
46 0.19228847784126946
47 0.249913659260461
48 0.2999902084089687
49 0.25428445380090825
50 0.18489107246397085
51 0
52 0.1293940196565646
53 0.15674321426245982
54 0.24130525442246248
55 0.2209729507104586
56 0.0931465309461668
57 0.21441181890321892
58 0.07789490855069249
59 0.08031155126130332
60 0.11795340310404796
61 0.25483075023776086
62 0.06858947134890786
63 0.1149519120541865
64 0.08029829642464473
65 0.06467519169316426
66 0.1072540548325598
67 0
68 0.2737014133578065
69 0.1206926556277863
70 0
71 0.03707104483332594
72 0
73 0.06353280092263772
74 0.11268764111611375
75 0.22039009486059735
76 0.24619467408125806
77 0.2918271508982363
78 0.16257521391166255
79 0.22240799298408684
80 0.18184511031798928
81 0.018264626449239294
82 0.17393230651281524
83 0.07250046327574404
84 0.04162631115167807
85 0.035146323584682615
86 0.280023393623611
87 0.19417437561781262
88 0.1973023907209918
89 0
90 0
91 0.24290789772805926
92 0.13563644890769053
93 0.09491733446877869
94 0.2402115777176995
95 0.1559725450839507
96 0.03646686010571527
97 0.21576596400392484
98 0.26207944698935814
99 0.22559094070371527
100 0.05278484762128804
101 0.18623206382896476
102 0.13302864231156666
103 0.2881390657900358
104 0.09160937401089908
105 0.19052678953703028
106 0.21980704258851308
107 0
108 0.12287657052360342
109 0
110 0.1307844013514358
111 0.011306659379398344
112 0.14488326520202918
113 0.21593424098653827
114 0
115 0.18541997023535498
116 0.18788100246182518
117 0
118 0.022773174494389113
119 0.2220867308348141
120 0.2503821244027817
121 0.24872718549770287
122 0.17896589913395686
123 0.23136488461738222
124 0.20866145498021538
125 0.09080312006771052
126 0.2895124304366129
127 0.2859359801965382
128 0.17420124404703746
129 0.18124674388423404
130 0.017192345369819194
131 0.16559761019169292
132 0.08086817295982146
133 0.08246377061783365
134 0.021769469227375517
135 0.2751477206307639
136 0.0909108967125131
137 0.1787625684150164
138 0.21388328946648613
139 0.23307992362695865
140 0.07147173783496782
141 0
142 0.11360928849751718
143 0.007479515918001789
144 0.2631485475915363
145 0.08592224411775974
146 0.2919206816077511
147 0.0021101745028270225
148 0.23715033787877796
149 0.12632935094197717
150 0.08409577444994223
151 0.18576797754062374
152 0.005026040644156826
153 0.28456079165951265
154 0.23034161140135542
155 0.15723384964950568
156 0.11362814187859772
157 0.07890056074492126
158 0.25975727992763586
159 0.23004147264033725
160 0.2200597768212114
161 0.06693075317166974
162 0.08605737039436677
163 0.030915089566241616
164 0.15399777422523067
165 0.07603118820930356
166 0.12346317631458635
167 0.09093903877557442
168 0.07498630284858432
169 0
170 0.018410835497068234
171 0.21821375007784746
172 0.009072890021684167
173 0.16208108978953228
174 0.29483583576256506
175 0.09599563543176802
176 0.12518747963801036
177 0.14003079842515856
178 0.05317263059703821
179 0
180 0.007171964377558061
181 0.2763851981070629
182 0.22099633625124418
183 0.18579155495385663
184 0.11433615643724213
185 0.09601797570281947
186 0.027817949983564395
187 0.20087146374031645
188 0.2493538816222575
189 0.08399208450687003
190 0.1830993779864975
191 0.16619543064091374
192 0.1425245547303951
193 0
194 0.08542191266541467
195 0.244590029861181
196 0.2806752074317416
197 0.24821313870667586
198 0.2288728216374903
199 0.12504481009792143
200 0.185818043590822
201 0.09090543690674839
202 0.1257007756381369
203 0.0349212635955206
204 0.26826368490206676
205 0
206 0.1233936735044977
207 0.2723905313876879
208 0.16121805071998238
209 0
210 0
211 0.13772102153487356
212 0.04379655670875441
213 0.26956096313413414
214 0.2608905733269287
215 0.20649021405545825
216 0.2940542974894815
217 0.09052352175431114
218 0.29653749215741493
219 0.18496644214994865
220 0
221 0.1956904296257811
222 0.04320133550967899
223 0.005890901906851287
224 0.10444587828708622
225 0.03475885954973934
226 0.0020545638508029816
227 0.27982690143144473
228 0.0599719100565681
229 0.12440047104054079
230 0.15657926636562716
231 0.29187970747591985
232 0.023739015936976682
233 0.09481459837043357
234 0.18434905429782222
235 0.21589204957167457
236 0.02865410064827771
237 0.2997653168963638
238 0.09345279207191304
239 0.19265875092761486
240 0.29004167201500497
241 0
242 0.04289381326403198
243 0.2315033495578898
244 0.221709735110884
245 0.25002832992859714
246 0.22798353271378102
247 0.09562081194608273
248 0.14964284442703993
249 0.1517463665862262
250 0.2115377395509446
251 0.12355708405243128
252 0.26731276687401384
253 0.2146795100473409
254 0.0606645433014489
255 0.25635582505771626
256 0.057668328449780974
257 0.12333876014962833
258 0.2603548147343574
259 0
260 0.15941259164217106
261 0.2629194912701363
262 0.2109776202403219
263 0.22849035894478686
264 0.2531508928680366
265 0.031141875928718765
266 0.028948505186128525
267 0
268 0.29777493204389033
269 0.09870434279810292
270 0.01057711254388739
271 0.2794876681497582
272 0.05377683291780564
273 0.183167852182642
274 0.2868088942932708
275 0.07096243969221633
276 0.2688017397742424
277 0.2844221276399189
278 0.19688182255175077
279 0.2555561609196297
280 0.018039870385059397
281 0.008815397243241496
282 0.2871778719279073
283 0.07338750654248102
284 0.26703469167477417
285 0.21254712724110184
286 0.0007808970901895474
287 0.1486255783595897
288 0.26602333113381876
289 0.1873733963715472
290 0.23960713323098365
291 0.09046994977714222
292 0.27816348218564824
293 0.12248034511901153
294 0.16278898394594377
295 0.27624218561169495
296 0.2911888130185883
297 0.22090569009342872
298 0.2159053345160971
299 0.15193723331742648
